-1.979169471546907422e-01
-6.418342358083002630e-02
-2.335706815988716767e-02
-5.495086955173408144e-02
3.261680186826694527e-02
7.952716995282538975e-03
-7.676477560242406240e-02
-2.683146356305669139e-02
-1.525694044524001924e-01
-1.512796137441478617e-01
-6.714750879062516588e-03
-1.671344863266045755e-02
1.010922272664685137e-02
1.038104483557120150e-01
5.022902314186041689e-02
7.520949120132319754e-02
-4.628485169623285794e-02
2.051355731981163721e-02
-5.983081972423911349e-02
-1.031412787507743067e-01
7.790172831500517814e-02
-1.282013720573518534e-01
3.917227425394576024e-02
4.905721199027299195e-02
3.966346495196865218e-02
-2.588703429532432983e-03
-3.161162608901057353e-02
-1.078195326871575210e-01
1.762901448376479052e-01
2.010763014402049825e-02
5.170142811485733958e-02
1.969040036336174027e-01
-5.403343151812410594e-02
3.895705359950472207e-02
-1.453714034064947369e-01
8.718015499432556215e-02
-8.613515904256466293e-02
1.677717486133099567e-01
-4.155903292351743189e-02
4.046794605106483755e-02
-7.759634859950188812e-02
-3.396155699903805059e-02
-1.498763045478195000e-01
-6.583178606773976149e-02
-5.573370052461958796e-02
2.691366250658769332e-02
1.757186234424228458e-02
3.993743175740622348e-02
-6.908015061546911306e-02
-3.555565490142192919e-02
9.647274341913494866e-03
-1.250620150100683475e-02
-1.833218992223015209e-01
-1.568343291279582566e-02
4.570636945124514905e-02
6.472067210247714475e-02
1.109113140212948795e-01
1.129639186517118581e-02
2.558778582283532943e-02
-1.346576642779791222e-02
-5.116912241014277135e-02
3.279552190835589159e-02
-3.320499491411756793e-02
-1.845214267987612886e-02
-3.433493044430304536e-02
-3.234119142156861165e-02
-2.410147056253136508e-02
1.427147931717338003e-01
-2.691962997335471328e-02
-1.218086530115780053e-01
-6.484596786148691394e-02
-3.354838771443887507e-02
-1.599531739260446894e-01
-4.608717000916439516e-02
-1.035150996050546585e-01
-2.849212773393558842e-02
-9.966001825220829891e-02
7.591601240483178414e-02
1.795195218552060878e-01
3.451238906349528290e-02
-1.138836261974607647e-02
2.366610333576263936e-01
8.150747492998904054e-02
-1.220090947758287470e-01
-2.528923463716528479e-03
-1.555827078449379232e-03
5.152980387649459815e-02
-3.807401623815619834e-02
2.716368262046642973e-02
-3.686348830555466471e-02
-9.571336992187465254e-02
-2.869788410421539055e-03
1.450317865449734459e-03
-3.451139231499118082e-02
-1.673166954641942261e-01
-6.739706043706814032e-02
-1.869198949520494910e-02
-3.931520926372925398e-03
-9.033569529011016563e-02
3.988359577656179489e-02
2.150314274178359852e-01
-6.356433755702427246e-02
1.504717711459178930e-01
7.001231159417176109e-02
6.424213407920008334e-02
2.462052425133146316e-01
-1.276960737209476282e-01
9.337819452592813207e-02
-2.129141460545618328e-02
1.241513552769560325e-01
6.524897269940488354e-02
2.312454333274369112e-01
1.930765978950801584e-02
-3.773966857594038965e-02
-9.242961407520980388e-02
-3.952270100698229011e-02
7.108467813289269521e-02
-1.773887375582075543e-02
-1.160065433839421872e-01
8.426153779226515156e-04
8.487078723275673364e-02
8.203362091141409851e-02
-1.634896177470818862e-02
-3.319566714304101468e-02
-8.719225133240465775e-02
1.364393392658448112e-01
-1.438101853896907138e-02
6.639228662926077718e-02
6.323314230047212547e-02
1.006827234086533629e-01
-8.237822346193407475e-02
8.048835658556661998e-02
-9.940322789927867608e-03
-9.575321818219357422e-05
-2.959744746583428329e-02
1.421805608121890219e-01
-8.645822268251106280e-02
1.321085867821843451e-01
1.297134184346940000e-01
2.406408699232461066e-03
2.916833466445487716e-02
3.941652194468794890e-02
2.722547175187244040e-02
-4.868219929959012593e-03
-2.121799386362388795e-01
5.969808882858119309e-02
4.672032468940567201e-02
5.578574229384201250e-02
1.403319406403307212e-01
-2.913170385295542689e-02
-1.924428647777591192e-02
1.899895906359773678e-01
-2.130579470264556408e-01
2.955729424539030661e-02
-7.675599157585423493e-02
-8.751185447941398077e-02
5.887658136978139028e-02
-8.650110506209096606e-02
4.400312160225490488e-02
5.036026435664241879e-02
9.758695554951152262e-02
-1.714199006025672878e-01
1.150596415386059418e-01
8.758015715685724123e-02
7.374700315519312765e-02
-1.857785903377919337e-02
-1.944176257918472234e-02
-7.342883243908387980e-02
1.282315239413706325e-03
7.654886657447043663e-02
-1.643609542849874539e-01
3.831178504424428977e-02
5.542600267529760455e-02
-1.586178530601124737e-01
1.214273177712024698e-02
2.198631901125019938e-01
1.255725195278581674e-01
-3.151615689946211940e-02
3.347421007034007134e-02
-5.437376377965071061e-02
-1.175123607055097302e-01
1.012691293341127716e-02
-8.441897121145219840e-02
-1.053537179154461628e-01
3.383764104072244788e-02
1.091277207259074705e-01
-9.690767468820588038e-02
-9.319832033591490816e-02
-7.923641267858202997e-02
-7.887024383374099945e-02
-1.736196818934473696e-01
-3.865496538330402687e-02
-1.988517208896381505e-02
1.364044372547881107e-02
-1.616610173602892400e-02
2.944593221596703350e-02
-2.210394890559278513e-01
-6.190475428517725615e-02
-3.841503809112018723e-03
4.558758619601036705e-02
1.485351370776865354e-01
1.504065873989947622e-01
-7.097407447866646568e-02
1.068362131454828889e-01
-1.080194114074342765e-01
-9.076090759363951432e-02
1.607615975317865931e-01
2.598779895824484404e-02
-4.569708147530878589e-02
1.937041135902975719e-01
-9.149323385230749561e-02
-1.185554243726791440e-01
-9.609964074551427538e-02
1.371301932386622541e-02
9.295895151767885611e-02
2.295738136737098326e-02
-4.521803896441124043e-03
3.718088719407143528e-02
5.563986252607462657e-02
8.024712085307571241e-02
-4.870809812484126755e-02
-8.544785778890275074e-02
6.061552908743448459e-02
-1.728249679102762670e-01
1.323678404038095002e-01
-3.642337840778580704e-03
-4.505780386756887135e-02
-4.445819693348979085e-02
-1.459659606336893567e-01
1.512907583991779104e-01
-9.691775428431459449e-02
-4.868643980596093490e-02
1.057423117841449073e-01
-8.600020670566611847e-02
7.975059520153487611e-03
-7.651547655715169741e-04
-1.360629107885262534e-01
-1.851630687304889680e-02
-2.681226166403716596e-02
-1.283832750828636238e-01
5.988468613309848310e-02
-6.097049706194036106e-02
-6.364831759385553012e-02
1.857913065559110843e-01
3.586711149574318275e-02
6.815862074459588804e-02
3.839772375526666337e-02
1.784441482502397980e-01
6.806570376148522727e-02
-1.722454046740787281e-01
2.006538658978427366e-03
8.200168258906830043e-02
-7.482936533335554641e-02
-9.764573083295569056e-02
-4.526366970064577000e-02
-1.459963509576861496e-01
9.311147436018735180e-02
9.636345978005216029e-02
-1.662352240645442736e-02
-1.918148727583678936e-01
-3.071895318804913899e-02
-5.592948338858164808e-02
1.523371582924735734e-01
1.352187526730196099e-01
3.585167746613459466e-02
4.100064114536725035e-02
1.546371111400949849e-01
5.885186545168670513e-02
1.160586396110636354e-01
3.633006428684344008e-02
-1.339862928066600824e-02
-4.631243732489709330e-02
9.363376075153521938e-02
-1.871649728007563143e-02
-1.258358115855293634e-02
-1.421954647466270594e-01
6.965078542461386468e-02
-4.502472001629061193e-02
1.713139807812382939e-02
-5.266589406572422249e-02
4.850775687951150439e-02
-7.563872280596926900e-02
1.010562580205843497e-01
2.567187665482307396e-02
1.286323268934750630e-01
-6.169038034968994666e-02
6.766037675797556550e-02
-3.818943092351608642e-02
-1.233045355325060460e-01
-3.021550217908385016e-02
7.816907959489786950e-02
-1.239703702888831222e-01
1.703660078035697939e-02
1.569842850864712133e-02
7.290598330386104239e-04
1.358966433915431823e-04
-2.904508050459645579e-02
7.394271323070333857e-02
1.128866744090647328e-01
-9.596585877728291969e-02
3.995368526822475758e-02
-5.547695893963265623e-02
2.460694551814756464e-02
-1.736740656469671490e-02
-5.561608136166815847e-02
1.614815333175878831e-01
-1.743967103652647177e-01
2.857934577353483246e-02
1.344178745575609103e-02
8.836076686465393903e-02
-1.351648696605665390e-01
-2.372525340337987287e-02
5.776967446379625143e-02
7.298250840807375683e-02
-2.561509169090186305e-02
1.851761499537179709e-02
3.823236860299821654e-02
2.501279542940011008e-03
1.622827610375379426e-01
-4.246102492390881750e-02
-1.805380813915647698e-01
-5.049046676058441957e-02
1.117158680431186019e-01
1.301090309598407768e-01
1.666256085951323962e-01
-6.255671596748624275e-02
-7.996809592768701347e-02
-6.620958102578702875e-02
-7.318743145649431701e-03
3.850665768135416028e-02
1.954919452312325334e-01
2.487801799861972391e-02
1.946576564211142252e-02
5.500471179186668808e-02
5.727097528319897990e-02
2.143474937702276317e-01
-2.605618430147294690e-02
-2.540028609292182410e-02
-8.130241310708277713e-02
-1.084311940414850045e-01
-1.156211212659361831e-01
-4.414380322935237272e-02
-1.341573086342394139e-01
1.267793208750516050e-02
-6.830520988010754802e-02
-1.717618879984111058e-01
-7.169670417463289147e-02
-1.073828514763046360e-01
8.021390484828998246e-02
-1.492915717651104035e-01
-4.144572362711420460e-02
1.479598274730966889e-01
1.164942517639429471e-02
-3.461184410134917483e-02
-4.944108571828655097e-02
-5.393500405899764871e-02
8.417916173071197938e-02
1.839033187675138958e-01
-1.280844724544387137e-01
-9.114729835779801503e-02
-2.114036938353590356e-02
-4.734481525015118986e-02
1.159030810741699807e-01
-1.077487059936525354e-01
-1.813124972745025487e-02
1.899312572567083898e-02
8.289172701591086823e-02
9.106521048931823237e-02
-1.506310544705835586e-01
-1.189385153630574260e-01
-1.932950141271213423e-02
2.855810446616119033e-02
3.423036038869297065e-03
-1.441409232163011200e-01
-9.151404713081041919e-02
8.462752783936168532e-02
3.964473054887385217e-02
1.023601356381509675e-01
7.427485199058749682e-03
-9.431032713447351501e-02
-1.318810257493147065e-01
7.359484271175583845e-04
1.158986222678050348e-01
2.149704846924642074e-02
1.301968911611207664e-03
4.492569316348330594e-02
-2.372221552054502511e-02
-1.088245055136529277e-01
6.835232940498296716e-02
2.323925139981442012e-01
8.929870666253132694e-02
2.914446814589621154e-02
-4.434702957982589178e-02
9.142520093372326698e-03
7.288520221886654604e-02
-7.066017408473818096e-02
1.243824829784581920e-01
7.973761450679224538e-02
-7.116909845565221396e-03
5.469969642850246172e-02
1.778193654917056277e-01
1.350606016084413830e-01
8.634401439337024975e-02
7.196887698371062791e-02
-1.239370249821826475e-01
5.131154657081601206e-02
8.332376290712481537e-02
-9.072678714814366718e-02
-1.398716156640229247e-01
1.323528933157720744e-01
-5.680783332915809170e-02
-1.535116855884501308e-01
1.396892328970857911e-01
-8.601491103120614823e-02
3.875124767918634167e-02
3.004360712188861374e-02
1.433482781927185035e-01
-2.332202890043021809e-02
1.282005886077639545e-01
-3.263654252415126161e-02
-2.476592605210562598e-02
4.403891633437601039e-02
1.804855489449243566e-01
-1.027158625090297123e-01
5.798212514921418509e-02
-9.277529090608278850e-02
-7.161450614316806906e-02
-2.616376350095019759e-02
-1.375158718076379960e-01
-4.048978660630004472e-02
-1.859499906929550361e-01
-1.740546435564953587e-01
1.042870691726422161e-01
2.389062259628540325e-02
-9.858192068232070338e-02
-4.315911044315052679e-04
2.807091230212046054e-02
-1.053983907626830779e-01
-3.154181650834048806e-02
-7.876837248256168822e-02
-8.557494662625389145e-03
-1.152047843259071946e-01
2.647606397523259714e-02
-4.323812916911589851e-03
4.907098803109389250e-04
-5.790850179482012750e-02
-4.945017267191958305e-02
-5.754664126493776177e-02
1.073115239233370100e-02
3.866209002468670025e-02
7.577255017001259529e-02
-1.031566438681821574e-01
9.116740440028936465e-02
2.396641183904111849e-01
-1.386640231319806182e-01
5.626522365981583007e-02
-3.117591504540756162e-02
8.937786185859061816e-02
-2.280571281145321594e-02
-5.786817330826682371e-02
-8.835884836689059108e-02
-5.208980729360973561e-02
-8.614630629614238033e-02
-2.477926869291232834e-03
1.955134821137471252e-02
-7.776537267413427545e-02
-7.465351486597193720e-02
-3.613214535870840072e-02
-1.643919493183597369e-01
-2.046847070582869244e-01
-1.375391581970814292e-01
-6.249366500145146774e-02
-1.012600255356087137e-01
1.011327390431085577e-01
-2.262233558424873170e-01
1.518652291395608811e-01
4.065464715070724044e-02
7.910229880847280404e-02
-1.708396872790356180e-01
8.319089843395471862e-02
1.636485007510276035e-01
-1.777842155566932911e-02
-2.676445923406076382e-03
2.235968050120745731e-01
3.164172819001046660e-02
1.606438895685624244e-02
1.192108459301222112e-01
-1.375940681309710256e-01
-7.822407330866162911e-02
1.507866362081175249e-01
7.885552465493202157e-02
-5.147097411048289634e-02
-1.553926450156469519e-01
-2.395755689231588229e-02
8.439910147604581803e-02
2.069550222300323705e-01
-9.149347779042610318e-02
-6.752556714696014706e-02
-2.675050762870558388e-02
3.094231201460783884e-02
