-2.975415291427641919e-03
6.245222097486527674e-04
-6.573158204184315458e-04
-5.616072680063402024e-03
-1.540431138349860089e-03
9.568473866738586367e-03
1.791109713861011249e-03
1.066208804321794193e-03
4.947975255524971264e-03
-2.099125889006927832e-03
-5.213912318134556476e-04
4.296276479201855195e-03
1.704174995194608720e-03
3.580693223538489612e-03
4.037885354705211989e-03
-7.001775279324511450e-03
-1.865681196839798965e-04
-2.142187900591612827e-03
-4.678187189121077623e-03
-2.263008267040661665e-03
