-1.174925127818856815e-02
1.405808117221069298e-01
6.579045664145877215e-02
-7.010568936215694213e-02
1.280503680987146731e-01
-1.329960831416941436e-01
-2.855733909250704819e-02
2.115025032241843721e-03
-1.797969258703282711e-02
-1.447576769264261320e-01
-4.868523575918413254e-02
1.000953533838248588e-01
2.331816721554563071e-02
-3.833828700396714473e-02
9.707518728689168083e-03
2.854527718916302290e-03
-2.104487489373785616e-02
2.766858924115608506e-02
4.427437703165536947e-02
-5.933330065510808438e-02
9.108257500030536580e-02
-9.945928928741576414e-03
2.463635132863500540e-02
-6.784803329174990405e-02
4.194911422182478339e-02
-5.749849417106531885e-02
-1.038515642649138898e-01
-4.302732316447586275e-02
-5.363712069998627374e-02
-1.429172677181567153e-01
-1.295583402515311788e-01
8.053747611408694496e-02
2.126196351787916841e-02
-9.185081515497035137e-03
-7.690460781247234097e-03
-5.481046898228594810e-02
1.435637694767386563e-01
3.909222601916988171e-02
-3.924448672373465064e-02
-1.465357079489791430e-02
-2.636841029625603197e-02
-3.269525250907929365e-02
2.206407774301015132e-02
1.994693686534695365e-01
-3.010936414374540057e-02
-1.010427344602839173e-01
-5.627438844991059647e-02
7.642913076568230712e-02
1.233436124379628657e-01
-1.177161325661003760e-01
-5.515922169825267923e-02
9.062594323420196385e-02
-1.090580125226064782e-02
1.309223703972072494e-01
-5.774640242088679293e-02
9.583073772475766972e-02
-2.845588760681003887e-02
-2.779601050478675960e-03
-2.921650122681167770e-03
-3.659065810567867921e-02
7.119595024516724158e-02
-8.392885887281950619e-02
-3.102719490356072377e-02
-2.600999600822192712e-02
-7.472129964492878890e-03
-4.346849193684931834e-02
9.837193064502285089e-02
2.005292914309656990e-02
-1.178052160052574376e-01
-4.173039767065680333e-02
-5.702573435736427165e-02
-8.826514247487104309e-03
7.261044054654744451e-02
1.447825428806513159e-01
6.658465583713354258e-03
-7.228636730481396988e-02
-1.380036360711934806e-01
-4.334960527276292275e-02
1.807590114344423057e-02
8.472503620260810747e-03
1.139017369895060500e-01
-1.320458460302255041e-02
2.474763883095995598e-02
5.016211564433539077e-02
-1.674444365611970145e-02
-3.534373697227885525e-02
-2.646774388039764211e-02
-8.240442947592326386e-03
7.689740239159980478e-03
4.535806125593222493e-02
6.068438137629549034e-02
8.610150998264391731e-02
3.955029673554363162e-02
-8.321139124784915353e-02
8.775287767298313099e-03
-4.008621799565203515e-03
2.113866360252223547e-02
-7.050243554639412658e-02
-3.270015236086708937e-02
-2.557355520092251602e-02
1.310903611724343297e-02
-3.924051958152177666e-02
-1.073487706550302900e-01
-6.381324456347473029e-02
2.678127725864914294e-02
9.075837647318178714e-02
-1.107215478415884968e-03
1.024761933910533634e-01
-7.478335737670992189e-02
-1.311300729651926865e-02
-5.622069722547494430e-02
1.368188315781344692e-02
8.996847158000667588e-02
1.154899943574056315e-01
-2.887862856480427273e-02
-8.073342272574907108e-02
-2.954814252888487980e-03
1.406346100538828810e-02
-3.170823247033329254e-03
-1.034159683853586170e-01
1.643526697892635710e-02
8.077963429431467279e-02
5.464610394691541556e-02
5.383743543113447133e-02
-5.330945424925793291e-02
1.490699303647326224e-02
1.289080898301809067e-02
9.968608428016709211e-02
8.663573439033968315e-02
2.218662479881519656e-02
-4.750117668357722346e-03
-1.848825057909988800e-01
-6.446078509576708138e-02
-3.606762763390201909e-02
2.125100107739163330e-02
2.466847348957629249e-02
-7.996686916195033801e-02
4.238438272055220640e-02
-2.831099296417163499e-02
-3.234369243863210314e-02
6.762797858740644819e-02
2.596611165097229348e-02
1.611609647827020597e-01
5.112009455802425141e-03
-5.959063691559911974e-02
-1.157095094314912892e-01
4.232910766137226721e-02
7.555891920781339366e-02
6.712588696876095259e-03
1.051109515676399431e-01
-4.727531021507519471e-02
-6.803533486476105729e-02
2.949980921749903798e-02
-1.281323407741349549e-02
7.556548165593302002e-02
-3.437348085354367117e-02
1.354813289476947645e-02
-5.840049357789442452e-02
7.495740060459299414e-02
9.720520572949094273e-02
7.591438999350578684e-03
6.776527390963843489e-02
-8.028064131189566188e-02
-1.200632082745413387e-01
-8.240855422263611285e-02
5.725832482140654628e-02
-1.087954040748342760e-01
3.206347451174042934e-02
1.745305430236831767e-01
-7.204762477402343324e-03
3.513240458875221614e-03
7.934166097526569594e-02
6.709722515608258775e-02
2.642597703378980409e-02
8.472531077610524763e-02
-3.072788592229896976e-02
3.574699408402979423e-02
2.248497407183504965e-02
-3.122301313806001566e-02
-1.201595819110699501e-02
3.292741988766580835e-02
-9.925237841144841228e-03
4.117102494747865854e-02
3.581101626189382714e-02
-3.237943855190020953e-02
2.264968814319729719e-03
-8.670504611497015235e-02
2.607418548605868434e-03
-3.375028145402096148e-03
5.058404331955938804e-02
6.686604854759024830e-02
-4.309594805338268220e-02
-8.297086969045550098e-02
1.096858269634150423e-01
1.927078398066526393e-02
8.231934604976796910e-02
-4.514799551226913836e-03
-1.291744661914570325e-01
-1.341666555123270307e-02
-4.387924564466338939e-02
-7.496376631067483420e-02
-1.189706278087338670e-01
-3.570834146725111041e-02
1.793468708211473639e-02
6.997422411439274681e-02
-6.130655859161558696e-02
-6.448784855802514038e-02
6.747151053533571863e-02
-1.306971970458204180e-01
4.325784507815876728e-02
5.447281289148519362e-02
-1.357141693628042545e-01
-1.185304745600673088e-02
-6.210175560496612041e-02
-9.272981721117384835e-02
-9.075881469205086816e-02
-5.371175081060424600e-02
-5.037583604009376881e-02
8.534376411964200715e-02
6.379628178681048811e-02
2.208611869777919734e-02
3.162414622814106041e-02
4.678443661882591975e-02
6.407961280793841863e-02
-1.386376544289099344e-01
-2.949675145053096484e-02
-7.876964122898869047e-02
2.073429359227305438e-02
1.170277126134633694e-01
-1.029759565714677694e-01
-7.067679741682002248e-02
8.216618153177356054e-02
-1.381128222601140688e-02
-1.185963477090711260e-01
1.434821208213776962e-02
-1.241228121598429157e-01
5.321266673964238775e-02
6.872092933996215569e-02
1.394310790715813098e-01
-9.034702961221226236e-02
1.287873306854956656e-01
-5.827035779424548714e-03
2.573289417891667583e-02
-4.484835593032255457e-02
-8.993849095611389233e-02
-1.188266829393248292e-01
9.330953883164215534e-02
9.318913415201993122e-02
-1.133347510372978602e-02
6.666161723373359438e-02
-1.457615562715765256e-01
-6.534299939043305971e-02
-5.288327316607452713e-03
-4.928789782741622647e-03
-4.926524250638881358e-02
-1.468179967628611277e-02
-2.653008393479601434e-02
1.461982820558453966e-01
1.255355431611778448e-02
-6.646649099276556727e-02
-2.116364867047366982e-02
-1.815426003253132678e-02
1.090888275887012399e-01
3.287996497145376923e-02
8.460096150685242344e-03
-3.258964257368821005e-02
-4.979310752933963080e-02
-5.690204940196331301e-02
-4.497298752973982044e-03
3.705579449904914530e-02
-8.628720275851542443e-02
4.820657327431799449e-02
-3.337696289038552446e-03
1.134655973749338215e-01
3.134663644879875921e-02
3.050016035050853377e-02
-5.178996540495746370e-02
8.990154445006223044e-03
7.820587093238591525e-02
-4.826346055255725798e-02
2.350764268349111660e-02
1.103472665177685462e-02
-3.699382824657045099e-02
-1.516586543967733680e-01
-4.709302300611313552e-02
3.843948865314110452e-02
-7.070241845564724514e-02
9.738469722898089598e-02
-2.346225975034656186e-02
1.152125454716825537e-01
-1.271750654526448698e-01
4.221184119808683161e-02
-1.024401542309100743e-01
3.064153078937658509e-03
7.998156715688180263e-02
-1.225248116048739157e-02
-3.522857909506708213e-02
8.805767258238691997e-02
-5.582944440895672156e-02
-8.779016882160879665e-02
-2.873188514410923017e-02
-1.310458131811186033e-01
1.297956003319279406e-01
-9.108049950850290177e-02
-4.015919355091256138e-02
7.898457668596967074e-02
-1.931730227774033914e-02
-1.038498520726421209e-01
1.796431553270766146e-01
6.088986145579255473e-03
2.877295618362999199e-02
-4.490235307916205787e-02
-4.235070402594409006e-02
-3.086704895721851041e-02
-1.044544906387253475e-02
1.397732869655802547e-02
-8.079080219019178777e-02
-1.150236895072486443e-01
-3.575366476511601665e-02
5.076281145199830480e-02
-1.543221658319128275e-01
-1.471090147639488588e-01
-4.026662147186451518e-02
-9.883541752315884443e-02
-7.449655625386004953e-02
1.806465288419689056e-04
-6.635153463360628223e-02
-2.879661847857374266e-02
-1.968730359872129451e-02
-7.446762383235847049e-02
-8.186318133308850831e-02
1.849894075593621831e-02
-1.576314639215088340e-02
-2.197234694939015354e-02
7.224204325060065712e-02
-1.044697510324155004e-01
6.094349043865089632e-02
-2.792468612135930520e-02
5.146266501339678140e-02
3.826331535124369299e-02
5.073060491391200022e-02
-5.068583356413602220e-02
-7.209932415201338214e-03
-6.509357895638254177e-02
-9.003274680563321322e-03
-6.967571369692089622e-02
-8.047963144888301001e-02
-2.313693219630252526e-02
1.121268091691012166e-02
-1.809229576854079827e-02
1.419194645966852589e-02
1.391890394370889255e-03
-3.963697218718502391e-02
-2.899541606501748747e-02
7.615865076909947295e-02
7.875364088238279159e-02
2.965627673714848339e-02
2.775649829307615807e-02
-1.116842820261051278e-01
1.700200803375212510e-02
7.261538154617772252e-03
-2.305657371349105478e-02
-9.255282169400845874e-03
-7.482565116357836610e-02
8.613579150253400374e-02
2.383437755591105017e-02
3.564281397115539457e-02
1.484643646982777287e-01
-4.005230075600976075e-02
-8.215750218700463084e-03
-2.167830788816308644e-03
2.601562951498385609e-02
-1.012012984792567821e-01
-2.027511799863603720e-02
4.601010374941117559e-02
-4.256092412561120197e-02
-1.417467800778263731e-01
-1.127034511745526185e-01
-8.517689647804792263e-02
-2.729083084069577891e-02
-1.216259217439091822e-01
2.016279896699219726e-02
-3.504241761047877102e-02
-4.977138360843149506e-02
6.043021751648210149e-02
1.561813539334832579e-01
4.018905057710574907e-02
-5.869373303050494373e-02
3.188793609899681636e-02
-2.070859187458090611e-02
-3.695827449064671699e-02
-6.831222953517572527e-02
9.335953642415191489e-03
-1.277313666410320779e-03
4.724829880944440147e-02
-7.960349786861829757e-02
2.227763493919335605e-02
-4.782438857922728659e-02
1.259210677793807381e-02
2.788470918471740514e-02
-2.494628952323111049e-01
1.035177641250082520e-01
-3.547103882824683817e-03
-6.804737416745704204e-02
5.173180870620609079e-02
-1.475085330349854007e-02
-1.259148513427975624e-01
1.910810211763275812e-01
1.438857356302280510e-01
-8.427964454313313647e-02
-1.868411765161556888e-03
-1.185803406811670319e-01
-3.262165807833379561e-02
1.233674677233765997e-02
-2.498380512517874366e-02
-3.454670373626381880e-02
-4.857239891014077104e-02
1.864521222724609475e-02
-1.940523426040558289e-02
-1.367380800479045810e-01
-2.993541096269037444e-02
2.294529831117282648e-02
-1.164258861181728492e-02
6.709155762051141614e-02
-7.731497088528507811e-02
5.308768259641867548e-02
-7.870150702107567287e-02
1.931080135661800493e-02
-8.228169128314968828e-02
-4.602527066234692564e-03
1.204889386253703565e-01
1.107436902669100137e-01
1.780470758748561033e-01
-8.345293939550275930e-02
3.928493024822689826e-03
-4.032550472480981446e-02
-9.598585056092716339e-02
8.184300677626796250e-02
-2.362664045416432157e-02
3.528000830857955239e-02
9.902759096951678497e-02
-3.851277426701096157e-02
4.253593735531592535e-02
-1.116681804336858291e-01
6.286680254236726509e-03
7.127419449042730892e-02
1.101988381497124615e-02
4.393476600920843272e-02
-7.231654775567979143e-02
9.070593591693013047e-02
7.380055723432124570e-02
1.260821943311824303e-02
-6.506287319564006688e-03
4.149086804385371946e-02
-1.147678772785572648e-01
6.306485325662160302e-02
-7.326264463787213188e-02
-5.431031099110565641e-02
3.858304879854706354e-02
-5.215006327446158191e-03
1.143193805028912130e-01
-1.418360221195764659e-01
-2.649961852438465285e-02
2.257900038377631813e-02
1.423011628874824505e-02
9.397007324674136464e-02
6.310007221632465968e-02
1.592181850471292501e-02
1.815498191465511960e-02
-9.509291994812660298e-02
-6.782446624802565549e-02
-1.055538206494534698e-01
4.221339582486415692e-02
-6.234028012320069062e-02
2.006482242459374510e-02
1.036735255867735767e-01
-4.256752379644544032e-02
-1.051233893602932373e-01
-5.241680797215551857e-02
-2.951556833884948217e-02
-1.749876716754797945e-01
-1.317877756151344948e-02
2.597668764896048782e-02
6.228778326197174919e-02
4.621883621422619853e-02
8.681057455081820154e-03
-4.386472163100194749e-02
-7.747491711633615330e-02
1.037520224969662175e-01
1.998579018307847927e-02
-1.054045056237005312e-02
-8.551576065399334181e-02
1.704908770058845627e-02
-5.350579924235494833e-02
7.285757097624225888e-03
-5.826258923972038595e-03
1.606367371760094448e-02
