-1.675977081821808726e-02
1.150971890500549627e-01
-4.803263034362288686e-02
2.841800677601937029e-04
8.221216854748731803e-03
-8.891594617436879289e-02
7.806036648492611918e-02
-5.979171613537472701e-03
1.746067667061725059e-02
-2.117437547352735150e-02
1.234997593828998652e-02
-1.115018148853066937e-02
-2.007098440146739271e-01
6.582358848449522404e-02
-5.520179145568721024e-02
5.652632079987748859e-02
6.712310280298515452e-02
2.673620132773455935e-02
-6.333921531525978782e-03
-6.630712291349301346e-02
6.120018428211432965e-02
-1.994580327641345616e-02
2.205751558222623660e-03
6.842635318538460576e-02
6.026499761442394992e-02
-1.188560356468445212e-01
-6.645605708608832984e-02
8.847102652158298636e-03
5.853850064125853958e-02
-2.153129593817729170e-02
9.562193041348514277e-02
3.028489494259402337e-02
6.850262693294927041e-02
9.048379542589272614e-03
-1.183755121132410992e-01
-1.375042691537957384e-01
1.384406952555654047e-01
3.128819997781819018e-02
-8.148149036844891391e-02
-7.412279502365488881e-02
1.674773302175223411e-01
3.293806879263115692e-03
-7.568064326802616260e-02
1.138727282493815218e-01
-2.580207540042729619e-02
-1.412447707777082506e-01
-6.251011636124004234e-02
1.127350846707493442e-01
7.404023740825170508e-02
-6.810138249147745793e-02
5.163938843215419572e-02
3.741939907627253592e-02
2.996226233825095842e-03
-4.078452812384480292e-02
-8.284414731113430574e-02
1.328763537134544648e-02
-8.002370988925369688e-02
8.105030828380270502e-02
3.309220060475737829e-02
-2.254057940738513760e-02
2.528538307448938843e-02
-1.497299446459227556e-03
-5.491583437699432135e-02
-5.923145115958482892e-02
7.551374372785923939e-02
2.578240888881001142e-02
4.193115804340948743e-02
3.884020263848528970e-02
-1.744038140220549246e-02
-1.047981475564832426e-01
8.505733219789018973e-02
-7.804191384005805532e-02
-4.473443775136826117e-02
-4.769847377643956360e-02
-4.935261723679709722e-02
9.738854284473648371e-02
6.247542322715237805e-04
7.742119184340540139e-02
-3.024632799334975308e-02
1.629052180904317360e-01
1.320274812894338921e-02
-1.336045114146717366e-02
6.704595822909460712e-02
-1.487654540926753449e-02
-2.831959883435560162e-03
-1.553830050158805931e-01
-1.922728509023454574e-02
-3.516655982533316988e-02
-2.014819060381648486e-01
-3.084198551785658632e-02
-7.567565100300122083e-02
-5.993269036388282345e-02
2.391858822628036702e-02
1.508780611236018032e-01
6.803794499504550730e-02
2.980629373695587760e-03
-7.253973062774511649e-02
5.871495614372762573e-02
-8.192787605082764435e-02
9.561235697267045364e-02
-8.817237086133734858e-02
6.402083598330456614e-03
-6.062512256973617668e-03
7.018842695145678656e-02
1.137564366014428008e-01
6.602969968847539894e-02
2.992839078001858014e-02
1.373801263735446032e-01
-4.404027913562599122e-02
-4.861357459383676416e-02
-3.871927094794090640e-02
-6.278987206040216769e-03
-9.805018169576897036e-02
9.061918594775826216e-03
-2.780198187006018354e-02
-2.767050923492061013e-02
-2.550246544463954934e-02
-4.811508391973300103e-02
-1.556070779559918238e-01
-4.494065120313876088e-02
4.746797524065771330e-03
4.483513621564715057e-02
8.131557405382731918e-02
8.079312546240448312e-02
4.613756183705541858e-02
-6.510001726589334514e-02
-1.822865152105547851e-02
8.908277992032327675e-02
4.651840775504961778e-02
-2.813251842398350328e-02
-2.463721893054717296e-02
-1.247332835362958449e-02
6.310936621089001386e-02
1.058975638548325104e-01
2.379403661118779240e-02
-4.960275910781830611e-02
-8.313222457487177974e-02
-9.509959999206105130e-02
-1.630970903575631736e-01
-5.480661932268356823e-02
-5.705831071618915756e-02
9.508662299810007957e-04
-4.535726057090144758e-02
-4.567963313361738872e-03
-4.919429258267082189e-02
-4.258736295578215147e-02
5.488798117508884161e-02
3.301781730740564053e-02
-7.684715882021414535e-02
-6.470191976315292637e-02
3.411940265590544114e-02
-1.979694969931952708e-02
-1.603199775189569631e-01
-3.668699221647813043e-04
-5.840747210997183220e-02
7.252611215949184009e-02
-6.292359214700450620e-02
2.535082224511939555e-02
8.977610642094607796e-02
-1.538015707667812586e-02
1.523129756652421840e-01
-7.328763931546718180e-02
4.501145813752053387e-02
1.426297636793558490e-02
3.459478801104024469e-03
-2.851577437925504124e-02
-3.566128004398247398e-02
-2.350831838719328812e-02
-1.418600191704253999e-01
3.931472663365142423e-02
-1.110729046610327113e-03
2.935574929190913618e-02
-8.629460044206369029e-02
3.877399028591396735e-02
-2.142109976792322401e-02
-1.164147204200727953e-01
-5.780271959380745006e-02
-2.888260236598598485e-02
-1.198616259110461130e-02
1.472322647858196817e-02
1.214400400447189082e-01
6.273349303288620893e-02
4.703502663828146996e-02
1.455093817129265131e-02
2.351739923881266542e-02
6.500435344608551658e-02
-8.292347904470804068e-03
-5.502956180806369002e-02
-9.149337408804542743e-03
4.129144418765546935e-03
-8.894931232265512744e-02
-9.361647427923291270e-03
2.024926206641644577e-02
7.003269904799741541e-02
-1.572861636898325866e-01
1.612194275641072871e-01
6.445630680334565876e-02
2.672920367620455762e-02
9.271810009470772551e-02
-1.167160624549666847e-01
1.009329930984730062e-01
-1.932575862712280698e-02
2.458862151134278903e-02
-5.842012409284142588e-02
3.139881546178539123e-02
3.974699332666815910e-02
-1.268208011470318974e-01
-2.732124338178373857e-02
-1.248694414453399293e-01
7.554452333708792065e-03
-1.267559586507497893e-01
-5.097482807296731949e-02
1.917406686605757291e-02
1.828439301074097703e-02
1.892569565559224232e-01
4.341175714203934777e-02
3.329232672166961005e-02
7.870803556767684561e-02
2.148232695010831098e-02
-4.867955683667737204e-02
-7.614636112798862932e-02
-1.540504842645695413e-02
-3.403148537153562886e-02
1.935928941261436942e-01
-9.421409584591246278e-02
3.558350589443141487e-03
9.983969493788771854e-02
7.863936199477075673e-02
-1.776533654247373917e-01
-8.507055858905220730e-03
-5.317693902060101341e-02
1.236218400598736722e-01
8.516003188160320078e-03
2.242050144519008512e-03
8.410909624031618964e-04
8.405757541724305504e-02
-3.129578176743071788e-02
4.163437735563400854e-03
-5.582501125118379676e-02
3.834000263604596392e-02
1.630207688609460956e-02
-1.982800425349353496e-02
9.351701723099993535e-03
-1.895052028311561276e-01
-2.356413076710055926e-02
-1.176704968429323761e-01
-8.410125145841465533e-02
-1.043091769028024404e-02
-1.070120959617819160e-02
9.321601083603105187e-02
-9.565531472362159837e-02
6.561726437878523388e-02
-5.419899869728374286e-02
3.229538812607937043e-02
-4.537079972067584177e-02
-9.873649545517526604e-02
8.084390864353162287e-02
4.562231541285075714e-03
3.716422707845278006e-02
-3.824326880756457464e-02
-3.162074832082686915e-02
-8.189598496060178368e-02
4.130063347455781297e-02
2.007640438931665439e-01
3.591849558259928993e-02
-1.776084986712591143e-02
2.969413405285669522e-02
4.534115470454645747e-02
-1.581336200274485737e-02
-3.712879031716795342e-02
-3.478654951347887048e-02
-7.976004587043514227e-02
-4.237570246174971605e-02
-6.429639734067522927e-02
-8.473813165417617976e-02
4.374499415785523121e-02
-7.775416309112116731e-02
-2.923959012834240895e-02
7.457242519759660349e-02
-6.692455037920130856e-02
2.438655012496029201e-02
-3.442067365784085703e-02
1.036199003841283342e-02
-4.423445563434443006e-03
8.582501167211757653e-03
-1.816169946088990947e-02
5.138041509808879970e-02
6.320565854341701761e-02
-1.114946567866971494e-01
-3.605768363978632818e-02
-1.277501388287112793e-01
4.434337236594095705e-02
-5.763060467918201812e-02
6.368790139334483402e-02
1.865633702916522779e-02
-7.201684982345411823e-02
2.390170563292482592e-02
5.947939672471307115e-03
-2.526095138543250906e-02
-4.734404649685226146e-02
2.459572028252382178e-02
-5.083346261941633359e-02
-1.193137695051716546e-02
-6.854746591303069458e-02
1.449266471924788857e-01
5.113913093783295505e-02
1.172591188244455213e-01
1.178661883702213954e-02
-1.148249799685873845e-01
-4.665580067098201722e-02
-1.526538766651172607e-01
-1.014655780650516696e-02
1.509537813956250002e-02
-1.215829090949816296e-02
-3.363161930409375167e-02
-9.421448495348379304e-02
1.273920645121776885e-01
2.677594481738632126e-02
1.808786109840806100e-03
9.867993574975619450e-03
8.325115313940471828e-02
5.547788234499956977e-02
-4.438777646648654762e-02
-1.377141989376111930e-01
2.200777107287022610e-02
4.080443635886930182e-02
6.904931397327995768e-02
6.002212382153739728e-02
-9.456159082047314868e-02
5.077398347372288900e-02
-1.049780326718954132e-01
-1.045418303526811539e-02
-2.605679541934795979e-02
8.970004136991013843e-02
8.606024840398936171e-02
-4.520821335099712429e-02
-1.030641750604169155e-01
-1.030792955787793036e-01
9.762093443036972892e-03
6.208820809281023062e-02
-8.365439960931578267e-02
-6.592380306985329286e-02
1.937324047410591832e-01
2.220964063569698041e-02
-2.144913598589343745e-02
7.512138269807180956e-04
8.962547358218535959e-03
5.498111414456186008e-02
2.112443317201093684e-01
-7.616568041698780489e-02
-2.126062001521365416e-02
1.108762180645535278e-01
-1.859960122879314708e-03
-1.613707679192369002e-02
5.370458394215367470e-02
-1.364191666115343038e-01
-1.330630677659025984e-01
-2.413829293155575831e-02
3.473737827173695863e-02
6.639112127537254160e-02
-7.257454204157556821e-02
1.507300831792219090e-02
-2.844953763121841131e-02
-6.978241861261895614e-03
1.383003315978747691e-02
-4.383818020972922447e-03
-4.081999505496851366e-02
8.389385698896240084e-02
-9.825300975663496528e-02
6.285851950118945264e-02
5.481978308590339244e-02
-1.103949620951249003e-02
6.667421223319473789e-02
3.415516659940621286e-02
-4.455561208586124311e-02
-3.358721860099484618e-02
3.733524799219224699e-02
7.865636019270075621e-03
-1.429497579463790378e-02
-1.634405983513427529e-02
1.980818375184947508e-02
2.734668984450771417e-02
-4.292753652323973851e-02
-6.452808660878400770e-02
9.489516565426681094e-03
3.519829990956334365e-02
7.466242302624161165e-02
-1.158186266382438094e-02
-9.684378899957724052e-02
-3.942582248917308324e-02
3.997562236044864548e-02
-7.547000447879965990e-02
5.555656649940311775e-02
6.939581779446417353e-02
4.325242998424295299e-02
4.164216142327144266e-02
-5.123131053206767677e-02
-4.404835970130346195e-02
2.135351371068975115e-02
-1.056270233246844603e-01
1.673026560140959684e-01
-1.390025240543389662e-01
-3.279634244884940819e-02
-2.344102833970013525e-02
-5.148334847587558022e-02
-6.268299282485068069e-02
6.591022205830936176e-02
-9.345528861323082470e-02
8.260859878677201396e-02
6.685645422255444281e-02
-1.250437017762231269e-04
-8.852720430673607921e-02
-5.560976334557362483e-02
2.136411067818473879e-03
4.282462470165680074e-02
-7.328203689687738664e-02
1.518887553973238824e-02
-2.369517755256462035e-02
4.257794578455949275e-02
-4.145157736277637478e-02
5.576776896339841194e-02
-7.456936819064211019e-02
4.912993517083213968e-02
1.011147164826957101e-01
2.395352314648037037e-02
-3.217832578637109392e-02
9.856593295208668226e-02
4.703715846477890539e-02
1.056860216975074873e-01
5.512210130559268284e-02
2.028016045972293874e-02
-8.902564672978628690e-02
-4.269005476385329123e-02
4.241553244020038194e-02
1.059635376391056816e-01
6.367518828378371243e-02
-4.095481964976287886e-03
1.069883328350366147e-01
5.736989444328392806e-02
1.333803993067290451e-02
-6.684073233449068507e-02
-1.351768168923545566e-01
-2.490735450930992717e-02
-2.140975672210727182e-02
3.788574844404358349e-02
-2.923344682523284360e-02
2.394862369229783673e-03
-3.071890954711560193e-02
1.128632951086225161e-01
8.155695021458166105e-03
1.664861373446634152e-02
-1.066778384824767917e-01
-2.640739104828717862e-02
-1.266491436073354238e-01
4.952089811936196545e-02
1.522666348299225175e-02
-1.225106675756922926e-02
-3.723235826099683538e-02
-6.363352063560384630e-02
-3.058648383241959617e-02
9.080465795723971500e-02
-9.783536869474678682e-03
-1.716322069935245775e-01
-6.416058774052852721e-03
3.457230991960257016e-02
3.720664705900717916e-03
2.737522471080944958e-02
6.325217778522908632e-03
-6.394107018594663572e-02
1.091129896476590068e-02
2.859693393922565705e-02
-4.887594568491791802e-02
-1.312980648927042013e-02
6.694540016113219305e-02
1.319485469673276068e-01
1.613851151392574623e-01
-7.764466726092213167e-02
-5.408908882224788828e-02
-7.660081329157657215e-02
-7.340358313043579552e-02
-7.327567493122012950e-03
-2.776975239461952974e-02
-2.823740619240106171e-03
-1.225623844302415333e-01
8.906337839756002864e-03
-1.755105361706873479e-01
1.060547122453483621e-01
2.690190370289835108e-03
-8.170043016402567249e-02
-1.720654288557173506e-01
-3.845935645689631081e-03
1.534363376663123724e-01
-3.949000810935671298e-03
4.784257184880352093e-02
-6.260450869254075013e-02
-3.086756005464552644e-02
7.976937602710933162e-03
