-4.914218453327057895e-02
8.751558589907632024e-02
-4.023169892461282010e-02
1.775173340491928778e-02
-7.640709262017843229e-02
-7.483638058725547437e-02
1.030740977454348700e-01
-1.373814772570114418e-02
-4.802820445892554829e-02
-5.073329959451620963e-02
-3.104986959052099052e-02
-3.897454827610409567e-02
-9.330574230241418798e-02
1.936922087279159196e-02
-2.047519589201950152e-02
6.641430476995452414e-02
2.454037010592938564e-02
4.164351357193230713e-02
1.553290251992063206e-02
4.347319710706352980e-02
2.362978375011907592e-02
-2.678586877280308975e-02
6.040745128600735064e-02
-1.052582918220230784e-01
-3.797111235838646764e-02
-1.439127284788259964e-01
-3.080313331983537337e-02
-5.675920334970517567e-02
-2.711885415973663144e-02
-3.565087565216484150e-02
-1.427719454337742291e-02
3.627791682823003436e-03
-1.063908469082507080e-01
-1.070315692886380926e-01
-7.634550780671627533e-03
-1.880923002767221075e-01
8.872467760856245396e-04
1.037390413006514765e-02
-9.284650655459558352e-03
-2.610287730836405914e-03
-2.784446995149014725e-03
-2.769246701627967391e-02
4.058518298883945219e-02
-4.529187997935270327e-02
6.113079234683179569e-02
8.179589110377258679e-03
1.198708722642645441e-02
-2.919830456191342336e-02
7.095281535075952106e-02
9.356884254580920268e-02
-2.441373913142700497e-02
-1.259372382312019256e-01
8.552799515970805830e-03
-4.702452139991164515e-02
-1.400681439647686287e-02
-4.726388210348306945e-02
-3.271446779148051709e-02
-6.696351636462603840e-02
7.998935201155414620e-02
1.085811103703077270e-02
1.328808834485339374e-01
-2.940624526650849682e-02
8.561333593410576370e-02
7.081798580979483532e-03
-5.016409860185639530e-02
5.505380422482485103e-02
-9.320155266902772559e-03
-1.574922552020880384e-01
-6.591303396032376083e-02
-5.703146690284972148e-02
1.795944526106655476e-02
4.595039760241578092e-02
7.983440254040033435e-03
2.007178852805194258e-02
2.064064092190739247e-02
-2.431252515499985820e-02
5.406268270595250558e-02
2.093531472337868942e-03
-2.057097066062810956e-03
3.207469249758490917e-03
-1.267418874675820678e-02
-6.808222597162157108e-02
-3.377185439939033029e-02
1.074027459851102789e-01
-3.483195964319887872e-02
8.249259397991304255e-02
-8.393687006671339546e-02
1.024906392580723358e-01
1.677887019546924277e-02
6.193619682599943443e-02
-3.806843491328261442e-02
2.554010782314928424e-02
5.707401176774599960e-02
-1.789470238667861812e-01
1.216805982987310131e-01
-7.451695999362659834e-03
-2.753324933868006238e-02
7.277560350710193804e-02
4.131422417007361847e-02
7.624128014702565015e-02
4.257920513333093154e-02
1.354540582845762398e-01
2.268160012520147647e-03
1.062487523967658304e-01
-7.764673539060519894e-03
-2.525234595428438658e-02
8.521228856435800192e-02
-2.168829591875115481e-02
1.222328288649824485e-01
5.354819068070544585e-02
2.965373716640044930e-03
-2.749272696764856749e-02
5.088560979396425377e-02
-1.733390691403961098e-02
-1.735324425894904307e-02
3.871495462878207783e-02
-1.942777971839863560e-01
-1.592160118220474485e-01
4.537200187253893902e-02
-1.776010146586326499e-02
-1.312829137872167651e-01
-4.798186405997409421e-02
-7.425652275616684284e-02
7.149674124574191547e-02
3.443660267098508365e-02
3.197161105168402906e-02
-8.361433627668492241e-02
4.572150636629011139e-02
5.148556097604502918e-02
-2.247043492903908445e-03
-7.238847025075588471e-02
1.892370461662222980e-03
-6.350744279643863455e-02
-3.493189567611887369e-02
9.202931917523324290e-02
-3.247744202967870267e-03
-1.458075703138926316e-01
6.094837992407892840e-02
-1.387191326215483356e-01
7.377441374879503688e-02
-9.917551192763594814e-02
-2.984851607622366829e-02
-2.337991781457744167e-01
-8.344569906854498731e-02
1.740981795275160435e-02
9.329586153407977422e-02
-2.658328258736580157e-02
3.210913277892677581e-02
-3.425509883489154250e-02
5.327605335633005951e-02
1.265416177422558075e-01
-1.365018619295981861e-03
-1.834998946482987656e-02
4.412579026324883053e-02
-1.140484781265709291e-01
-4.103449248930811366e-02
3.184512128794779462e-02
4.175520677968907329e-02
-1.342794098622906822e-02
-1.536579497373393062e-02
3.750266183206378556e-02
-1.015653927060142236e-01
6.175108307162525782e-03
-1.825476400455113349e-02
-2.684864590460164444e-02
-5.708712275618255116e-02
1.241522088841912758e-01
6.176217419989298713e-02
-1.023959760421597545e-02
9.460646162725083047e-03
4.367798566186523873e-02
7.703768890555713622e-02
6.873697259007717497e-02
-4.523243550007562813e-02
7.990530157422376378e-03
4.315863570675955441e-02
2.121005160405499135e-01
3.707592499955224274e-02
-1.421402093482633869e-02
-7.562173134864725449e-03
-1.056688562935183609e-02
8.345367664698474797e-02
1.344417913324235658e-01
-1.069923391981536381e-01
4.769510317182609066e-02
-4.345935407895894914e-02
-3.116935388448709328e-03
1.999746612753278974e-01
-3.520817081430396150e-02
7.424309212388435775e-02
2.472762026999958743e-02
-7.318571827364006577e-02
-8.775604792787063124e-02
2.139485268328638820e-02
5.201910110532957481e-03
-2.061521516167726109e-02
1.851555528450619936e-02
-8.424837421460290576e-02
1.468337431441317786e-01
-7.508202399897977164e-02
4.592865110556075547e-02
-5.256606193534244659e-02
-7.021446846768915340e-02
1.149201871408069842e-01
1.155569995520842885e-01
-5.323155379399262255e-02
4.202982143237082163e-02
-2.873711923528829773e-02
4.129640240289812747e-02
-4.351758146326212967e-02
9.906038239131294016e-04
-1.159157042951506622e-01
-2.123187991632797048e-02
-2.642406419388413849e-02
-4.029394705767389007e-02
-3.691539112609583395e-02
-2.730824370913458032e-02
1.094814209245808939e-01
-6.388065383672451858e-02
-4.157896520018800057e-02
7.107020437366029161e-03
-9.602379593203128061e-02
-4.781190785973186280e-02
4.139849969587575812e-02
7.031524262138844072e-02
-7.099251844578007009e-02
6.858725340835454543e-02
-7.385778928343318672e-02
-1.533517642228364973e-03
-2.155215279321771524e-02
1.180357921735500359e-01
-3.471913338367919877e-02
1.759440192156865035e-02
-7.972159845333859352e-02
4.247832394078488588e-02
3.720069219619435291e-02
3.001474678561190032e-02
-4.897483553642537069e-02
3.254085937005053025e-02
8.417182974242401472e-02
-3.549699611429541629e-02
1.144788895273647494e-01
6.464921775445273133e-02
6.317329690547226172e-03
4.330144872379801391e-02
6.594375514704227392e-02
9.255728739422918253e-03
4.588599895651919447e-03
-2.329906065954180996e-02
4.966319023476843675e-02
-7.657513425206653734e-02
1.218636373808569678e-01
-9.121229384783065275e-02
7.203722540281397302e-02
1.027239464870138425e-01
-7.684828533827769981e-02
-1.226114711904534860e-01
-2.569915370843860875e-02
2.962971653003461728e-02
-3.303817126421649403e-02
7.223964358266267427e-02
8.677379743663488076e-02
-1.408508931950054888e-01
-9.765019815425378044e-03
9.140588850386409392e-02
4.759040435041229922e-02
-4.902261489539425088e-02
4.711085577643876754e-02
1.969555447039908827e-02
-1.715104450956461690e-02
-1.063559800464480287e-01
-4.135342898104205078e-02
3.131041068830326540e-02
-2.544238485067579214e-02
7.994471314708564286e-03
-5.514683981852558370e-02
-1.244905713472040966e-02
-1.077003785746730863e-01
3.693712400663860113e-02
7.726335852758973999e-02
-4.236008139824891557e-03
3.143861973486147127e-02
9.401917334573514640e-02
-1.479431676447880706e-01
3.190409013025412299e-02
7.755907626622475515e-02
-1.924314409955142358e-01
-3.610778571940082698e-02
8.712087590407759097e-02
-4.420002284743556123e-03
-9.870321980582050236e-02
5.063236733374874843e-02
-7.368281115466585041e-02
1.055907061810296699e-01
-9.881485449644321351e-02
-1.417398499587467497e-01
8.905547385020985696e-02
1.028822663805382259e-01
-5.271879877857958349e-03
6.261439556515231708e-02
-5.616797977840368161e-02
-1.425424569270757891e-01
-8.920601508362115128e-02
3.020935768656569931e-02
3.482009808647506394e-02
-3.710499338145892712e-03
9.923569416178971633e-03
-3.437788968850907095e-02
4.742470620202514364e-02
5.460058706854677146e-02
2.564650566740722410e-03
-8.795818809880799616e-02
1.087275848166467662e-01
-5.283465944824363575e-02
-1.079693771240885364e-01
-4.754966523268045614e-02
6.528342797975865419e-02
-4.492872267449009305e-02
-7.801042017529452588e-02
2.844869907295652020e-02
1.671322867020618580e-02
-7.741518074819533912e-02
-1.143762436434235946e-01
-3.197710806508407416e-02
-1.529864538786348193e-04
7.083211467481626000e-02
-4.160476213055289141e-02
-3.857949078407450771e-02
-3.157725661716568460e-02
8.765722215345014487e-03
-3.246752764704260996e-02
-4.989810811284492442e-02
2.600914449608777990e-02
-4.566861439018625457e-02
-9.060722463786909098e-02
7.492946933730883219e-02
1.283723812480563331e-01
-8.535194505119021724e-02
1.333969119514838431e-02
1.825190665197554823e-02
1.328701310881748136e-04
2.038023094223743309e-02
7.576882469960108391e-02
-2.295409962856324870e-02
1.143933314598678981e-02
-7.449921772105028150e-02
3.139134893757856981e-02
7.570919246185452145e-02
9.658630602457533160e-03
7.720114872278185936e-02
-6.883261577860737279e-02
-3.987393899663162905e-02
-9.235522745704211056e-02
-4.771877445555167824e-02
-1.144152963121204507e-02
3.380626382168822747e-02
-2.262103606882073098e-02
-3.705780464201052088e-02
-7.016273495387832793e-02
-7.665231264082178649e-03
-1.224262559795768063e-01
4.738781737535702893e-02
1.081330934600819305e-01
-9.346516562260426264e-02
-1.329340554624333127e-02
-2.468196374315663119e-02
7.808413251517105913e-02
-1.718882741064451519e-02
6.784108202010920297e-02
-1.051630491066573789e-02
-4.298882849994732636e-02
-1.119531359706188722e-01
8.820750758198793451e-02
-1.021791092586524230e-01
-8.357906768456423163e-02
1.092212692615009278e-01
-3.038987785871044567e-02
1.755977203519250296e-01
-6.125809172855207346e-02
8.668051071479110359e-02
-5.003494010667869363e-02
7.307248805980767759e-02
3.128398217827033784e-02
-3.594658546946650352e-02
-9.592766610186558018e-02
-1.314093006470459513e-01
8.220396185399568567e-02
-1.105784758683137081e-01
-2.395872927701289332e-02
7.206887809799679412e-02
-1.055604033603146502e-01
-4.904684532940000591e-02
5.868586560572474492e-02
2.405711176757245953e-02
3.870823916461885172e-02
-4.093399061256239313e-02
4.790616373064163214e-02
3.559877609426748135e-02
1.015050877239640770e-01
-2.931454699902926939e-02
-5.752659269574845330e-02
5.647172817879873852e-02
1.168558213292666959e-01
6.852067488314586563e-02
1.257871256955291617e-01
-1.328740481095109505e-01
3.620862665449441770e-02
-3.967820378887889493e-02
8.602230627003948360e-02
-2.563028335639063598e-02
1.186996023915139059e-01
7.093340995223788858e-04
3.812993677599333525e-02
-8.843609754864974193e-02
9.681217093644393923e-02
7.483919685459301807e-02
8.740024867313051990e-03
-6.435044884908580620e-02
2.051874025093948853e-02
9.006776709045367924e-02
2.051311981822432143e-02
-2.039175548010204245e-02
-4.113525686521541519e-02
3.926765249306883587e-02
3.533853460993204715e-02
8.625356040118531409e-02
-1.449871126811058328e-02
7.071298475320082766e-02
3.289965740885217316e-02
-9.458371451357085180e-02
-6.104294355028101055e-02
9.216081686159630082e-02
1.253577049622757456e-01
1.937311694996651096e-02
3.326306644978472421e-02
-6.482632494535020551e-02
-8.637631690246348748e-02
3.439486590551850409e-02
2.057488557747525794e-03
6.531437324998348726e-02
4.731056358750242163e-03
-9.588893693032336796e-02
8.497924020934957343e-03
-1.206775682306825137e-01
3.094591872850474545e-02
-2.591950306127245585e-02
-4.959522034550986613e-02
6.263430963880186990e-03
3.075915243573252526e-03
-6.725762970377982541e-02
-3.042940708019147705e-02
1.208358323473883271e-02
-4.929846885499421238e-02
-1.687502309369542097e-01
-5.191684762574285544e-02
3.118840866089784766e-02
-4.656212749209353435e-02
5.745571097606650551e-02
3.346063952610951048e-02
-3.324094094769054070e-02
1.620979014345057534e-01
-6.356541627914420733e-02
2.980406133134733127e-02
6.397251993074046239e-02
1.058567354646422487e-02
4.702270165724263019e-03
7.504181639426090594e-03
3.255302987167916356e-02
-6.509994874352360329e-03
9.469056763477753935e-02
8.695536635251020427e-03
3.570879807412748186e-02
2.379995654224802571e-03
7.112486485315099027e-02
-4.447192379731919332e-02
-1.174450235428300682e-01
-8.666337243288455006e-02
9.839740970285204558e-02
8.878612821093016805e-02
5.591425188748078146e-02
-1.145594833226669107e-01
-9.788319100956767438e-02
-2.025217208445553863e-02
7.228621588404222920e-02
1.035623593930124278e-02
-1.991070407365287398e-01
3.932829205011189114e-03
2.797073836599688751e-02
-4.193986357387437594e-03
-1.767329017351748632e-02
1.943186203069786899e-02
2.784111960622140045e-02
7.042236298469448097e-02
8.547421637777366521e-02
5.784615810096656319e-02
1.454634486949159533e-01
