6.938063244095332704e-02
6.799766124933480371e-02
7.368153923112541470e-02
6.917206069496882603e-02
6.852282625758004952e-02
7.042187115325550251e-02
7.092071792802485952e-02
7.157266000925954774e-02
6.818169398244518231e-02
6.880556660460386553e-02
6.818069692923323100e-02
6.907246222544256853e-02
6.670005712272683573e-02
6.982128583910629516e-02
6.672756466377145756e-02
6.653677285093553828e-02
6.965361289243497678e-02
6.922046774137820269e-02
7.119826906672042932e-02
7.048925337206896069e-02
