1.186735849076685223e-01
-4.856432139965906336e-02
-9.254281305310083083e-02
-1.352159908002183164e-01
9.539753819361533604e-02
-2.653050302387642556e-02
-8.796601161308962094e-03
-4.985658532448344546e-03
-8.163782562061858150e-02
3.213882410823678398e-02
1.266169800784792687e-01
2.780584795103397538e-02
6.225368642592245955e-02
2.719874165476959815e-02
1.091829036890228644e-01
-3.658641402065222759e-02
6.658824989739485500e-02
4.875727305423194213e-02
-1.946336409166343762e-02
5.265545593971161786e-02
-9.410482957946672555e-02
-1.112395054190419563e-02
-4.242217137992047860e-02
-1.566429008215340993e-02
4.998331723166631740e-02
-4.714691204066068925e-02
-8.151079198774612011e-02
3.695427774459184023e-02
-1.802938723431810400e-02
1.214006310761919089e-02
1.631931340470314578e-03
-1.280352252977890737e-01
1.644635446182016181e-02
2.218684476274986397e-02
-8.864986936076031665e-02
-4.122624045558673234e-03
8.301453294474829547e-02
5.531223058342230742e-02
-2.329843737901713535e-02
-8.502280857359417743e-02
1.919599500015587920e-02
9.555753739092623378e-02
-2.673641079134288223e-02
1.374856056035398677e-01
5.585997480463600340e-02
1.650740701262835286e-01
-1.131679475104450591e-02
-4.504735496786021337e-03
3.524941452273055997e-02
7.488491266793866064e-02
4.135817854015123168e-02
1.739945315852980262e-02
-8.313109173059765600e-02
6.624761226417344440e-02
-1.275570968962935932e-02
-7.369418540330750778e-02
-2.155132476187409524e-02
4.242671349528424202e-02
1.089823591673897835e-01
-1.667166699779470129e-01
9.578739200532924991e-02
-5.499815140384065396e-03
3.424135709239160830e-02
4.359107143635466974e-02
-4.817702437524427200e-02
-2.358111185341269303e-02
-1.652407024498836127e-02
4.465733819379027331e-02
-9.113733474538143753e-02
4.850302935548218841e-02
-2.578605391521885878e-02
8.621018946262859473e-02
-4.556765027608498941e-02
-6.484641814244923586e-02
7.767403271293696343e-02
2.113457400779091000e-02
4.076495660387741832e-02
1.502648057101486911e-01
-2.657668831740659862e-02
5.236127182046493300e-02
6.446487644849240028e-02
-4.341749384479551971e-02
-8.194558565643515757e-02
1.565515889807584174e-02
1.999567253337650521e-02
-7.870013160279919207e-02
-9.549464840469810978e-02
3.314496079799566369e-02
1.491879369225660584e-02
7.348326868839355486e-02
1.220021757252718643e-02
-7.494570795202459314e-03
2.522058146691417285e-02
-2.574456571082167633e-02
9.220331357126007599e-02
-1.255624436716847592e-01
-4.687130186171507319e-03
3.010648893593235315e-02
-2.122046454366130139e-02
1.257286516559892424e-02
4.678625683749856878e-02
-3.981313072794523400e-02
-5.732484829751296335e-02
-3.957992968585011262e-02
-9.040114950230447588e-02
-4.791914599877177688e-02
4.348915658324798567e-02
-1.714126019559779682e-02
-4.761473758902655395e-02
-6.009100624419392439e-02
-6.554920684650736296e-02
6.838390168558949878e-02
1.297282006266431142e-01
-4.897378268828266046e-02
1.764333831355538451e-02
4.219184523884961235e-02
2.482665236699887340e-02
-3.090123816554255637e-02
-1.131768233392412837e-01
5.309430960745638306e-02
8.802202152212015851e-02
1.865259775966104233e-02
1.472266734080778239e-01
-5.835427184889337149e-02
-8.843558342920329607e-02
-2.497402689801310818e-02
1.086452451309244394e-01
3.306363717853467998e-02
8.977847338254899001e-02
-1.112917321599180831e-01
-1.340537219023731352e-01
-1.242863033765069384e-03
-5.195468635923925632e-02
-1.222926121451489712e-01
-2.751955831558314941e-02
4.971858568818812024e-02
-1.659314443492284075e-01
1.264963127873178217e-01
5.497192364444569712e-02
-2.986183366604550429e-03
3.454010152110562754e-02
2.400554266711454193e-02
-5.083433930919934590e-02
-6.403535047814695735e-02
-9.572510310029262032e-03
2.684334649392577238e-02
8.003897553063141213e-02
2.984845321732973802e-02
5.289759056382926927e-02
3.308364363118265761e-02
-1.187796488591912891e-01
4.927602663806365801e-02
2.258921425748633069e-02
-3.945665710592592690e-03
1.793932146459144283e-02
9.632174282348170136e-02
3.533526862741185465e-02
-2.279936003269854641e-02
-3.401451667273664489e-03
8.494512419422350219e-03
-8.831926851129112688e-02
7.428357622828724374e-03
2.120819146415375556e-01
-6.328037752742922406e-02
4.639641132231957232e-02
-3.847035633360420593e-04
8.747066227483242529e-02
-9.520959033060268778e-03
-8.827969272702974532e-03
-1.204994676487418370e-01
1.248114793492871577e-01
-1.324622707004240452e-01
-3.696547186539817648e-02
-7.047307361131248393e-02
-8.187645608307840550e-02
4.922341635074027610e-02
1.280772948448416493e-01
-5.741496423858421377e-02
1.842913994230339914e-02
-9.601182891859093294e-02
5.888553262371105934e-02
3.869787617562831569e-03
1.679236880440867011e-02
4.305046313368459526e-03
6.188103387604693140e-02
-5.999280308372702264e-02
-9.404482217518102261e-02
2.888889293461020108e-02
2.303104366014765633e-02
-5.028713934407504776e-02
-3.487630392512831856e-02
7.866475889181039072e-02
8.923396172027504847e-02
7.692649013593431950e-02
-7.932127025275959031e-02
5.170891197197306083e-02
9.812686837337028511e-02
8.084091308863343428e-02
-3.298492158962840898e-02
-6.538103693395340421e-02
1.420016370941392693e-02
-8.413023102132359543e-02
-7.768374240172297614e-03
-1.722261066425181258e-02
1.136670557987542046e-01
-1.222254435901167988e-02
-2.404481736371214332e-02
-5.124715665718636987e-02
-3.154918849650773655e-02
1.074650516925309413e-01
-8.851266584252237557e-02
5.946050760381098310e-02
3.047972438098493775e-02
5.495516929672311646e-02
4.070941553212791691e-02
-3.146333728114582284e-02
1.675437618510039819e-02
2.865379143673895540e-02
-2.424228990124914496e-02
-1.048712467363076412e-01
-6.528485652339928447e-02
-2.122443149404414781e-02
7.963453912576323734e-02
1.403867453158194264e-02
-6.950748634476074106e-02
7.425195169983971055e-02
-6.132728521097428886e-02
9.248422296508148829e-03
-3.181974502893283180e-02
5.458377360973072114e-03
1.903763172061356855e-03
8.423620246333743400e-02
-1.656923592142819368e-01
4.368520195536607087e-02
9.971832641635326733e-02
-1.126090119202761558e-01
2.327159768672099754e-02
-1.873764936151324847e-03
-1.020374531177332122e-01
-6.709505619101785445e-02
-5.750784419888620158e-02
3.642378916478981182e-02
-1.085946314203479757e-01
-3.133877007837417971e-03
-3.249358278908551223e-02
-3.473131504477398619e-03
4.228538179465928882e-04
5.264267421458414947e-02
-9.860110118548034985e-02
-6.592991501157426104e-02
-8.968462618882276985e-03
-2.293100372418153954e-02
5.043524258473812416e-02
8.545118271488636244e-03
3.134413858949493259e-02
-4.793108110417097778e-02
3.583092230764773484e-02
-4.102781027796367080e-02
-3.230134334749680536e-02
-4.071871310021132895e-02
-1.855646776963761069e-02
-4.504060941193335083e-02
-2.676384028708026983e-02
-9.515830887349273348e-02
-1.242547690390436027e-01
-1.593088282569852521e-01
-5.836974434540381784e-02
-9.124834700311544589e-02
1.180438688408793485e-02
-6.654335074301909181e-02
8.033513229244242104e-02
2.138002266302455739e-02
1.070705319401591554e-02
9.962899538586774892e-03
-4.921389323831778378e-02
-1.252060286662737450e-02
4.425614985350460884e-02
-1.516156526514389436e-03
-2.484227050777646981e-02
-9.808915903512427370e-02
-1.312899327518818049e-01
-1.238916481120886093e-01
-7.600818015452980025e-02
-3.307932404457100684e-02
-3.843718568376634087e-02
-2.285463101833970848e-02
6.326474746812646432e-02
-7.433201530623535780e-02
-2.514963306596540438e-02
-1.789995107554140721e-02
1.087129990135869279e-01
-5.932211439731846503e-02
-5.533337309877173898e-02
-1.431603376471358470e-02
-5.358162131910539777e-02
6.475397099343800644e-02
7.010133427750760149e-02
7.929129917626473456e-02
6.639885330799720486e-02
-5.176925258091405468e-02
-1.401444123279935450e-01
3.682683523846957963e-02
7.757648955768779719e-02
-1.180950269421960491e-01
-6.492576411801956326e-02
1.745093102058878701e-02
-1.891757068749915296e-02
-5.969158438824006402e-02
-3.188979555172157671e-02
7.716546525361117626e-02
-1.408928344661547483e-02
-5.929076814728388711e-02
1.172568662412472595e-01
5.694656730228601915e-02
-9.754924171782997436e-03
8.397770579924102030e-02
6.941268250940597906e-02
8.741090070440298010e-02
-1.477645436545295919e-02
3.551406009312985806e-02
-4.848094462557180767e-02
-1.213679725232053724e-01
5.696387969131889301e-02
1.150801894752274679e-01
5.186875184430413815e-02
-1.003938100690293794e-01
-6.741523635797319614e-02
-1.861170303585352181e-02
6.160628427513872157e-02
-1.300169732584047222e-01
3.326198701065780083e-02
-9.389217334806752857e-02
1.128964412480306934e-01
2.088050747822473713e-02
-1.426562420543601439e-01
1.259284218233125696e-01
4.884682580946572011e-02
1.903507570112137129e-02
-4.349252608411863924e-02
-2.352705963024065774e-02
-9.371427032532497758e-02
1.593998884274618923e-03
-4.102793294178053857e-02
-5.034723975510148331e-02
-8.149861413707194802e-02
-4.726088543734588421e-02
3.587109492828394197e-02
-4.142151706637881015e-02
6.653378107932209073e-02
7.558926969475614210e-02
-7.478883952328682638e-02
-5.161083002228390032e-02
-2.310146865799033930e-03
4.025393964599850716e-02
3.768308924621591258e-03
2.036938074580029508e-03
-1.123319858393424797e-01
1.850001902326161912e-03
2.663051936160248934e-02
8.265922261184535658e-02
-6.618935107227852735e-03
1.386253923108341779e-01
2.367799215171401388e-03
-1.036613956058383412e-01
1.711913337290910664e-01
3.964248161687315697e-02
3.909475467625273676e-02
5.789235439953634849e-02
-5.032608426896617582e-02
1.083542570632762547e-01
-4.048437092889696151e-03
-1.813296858866478636e-02
7.527690493858585352e-02
-1.319112182556828605e-01
-3.349684987219127968e-02
5.818764708244386630e-02
-7.568776177877127587e-02
-4.067672295295798185e-02
5.504755455215142035e-02
-5.201884032431300375e-02
-3.387901146884217916e-03
-4.346445410179338581e-02
-1.293030488519377186e-01
4.505624560541388046e-02
7.979640503707682853e-02
4.427506325878138860e-02
-9.521126678558833323e-02
-1.054405597889660345e-01
1.152004827146867194e-02
4.244884369298648763e-02
-4.551461836457688231e-02
1.563533279657332298e-01
-3.124010744079534080e-02
1.392821253489942611e-03
8.702779431953371059e-02
6.948173065441282104e-02
-3.894040635731857436e-02
-6.493987954194251067e-02
-3.136763875323853642e-03
-3.212337166342470185e-02
-4.044298109751601894e-02
-1.454126877878681445e-01
6.520023607209321503e-02
-5.149270461612059230e-02
-8.126979540699437454e-02
-3.411393103082505096e-02
2.490164395227136701e-02
1.084605686387713069e-01
1.939848826257383474e-01
-5.441851482403740892e-02
-1.804291136022609932e-01
-5.352250817064220512e-02
-2.839893307199560513e-02
3.601649797634032951e-02
-8.768246226889968298e-02
1.245292250397500924e-02
-3.512547563732237865e-02
3.439630257376990324e-02
6.527372676094769788e-02
-2.850743069069080690e-02
-8.133127797775988044e-03
4.710133197853128006e-02
4.998253892866295900e-02
-9.448498147871794983e-02
5.288636053251835611e-02
-1.202272552130174699e-01
5.691170291846580492e-02
9.306989587288186372e-02
9.734469270956759568e-02
-1.541423012127805629e-02
1.327711514344310229e-01
-6.813314694127969862e-02
-4.309844580077304421e-02
-2.898988303112124201e-02
-3.413698040522043092e-02
1.417814699363769970e-01
-1.030233303325321474e-02
-2.093520283137699500e-01
7.180041735717296314e-02
-1.543228404847968860e-01
5.402735008083187074e-02
-3.391920344617464778e-02
1.004284149192138792e-01
-5.496626941899673824e-02
1.140046994954429793e-01
-1.135183146988496122e-01
-6.070175079586376948e-02
8.786296337611840257e-02
-1.358208277799217469e-02
4.676184888433203984e-02
-2.195272689403689192e-02
5.635254426379190246e-02
-1.071916613649774863e-01
-3.336416970607558596e-02
7.061398085098684330e-02
9.656749839046514794e-02
5.572487063003775387e-02
5.125258134889174727e-02
7.828031356306151822e-02
3.603307519587401614e-02
7.480960855729146264e-02
6.314573232953922532e-02
-3.843916850079247272e-02
8.687914859220435826e-02
-6.716457465859440590e-02
-1.375032744462607037e-01
-7.316772303227304930e-02
4.297400348827160738e-02
-7.756286651096760965e-02
1.808312832551982885e-01
-6.791304134191926412e-03
-9.012506653040174009e-02
8.339956086699316928e-02
-1.216223042512588892e-02
-4.192435666774019937e-02
-6.416480063475683837e-02
1.076337798454857636e-01
-6.030064526117779461e-02
-6.540269032928176796e-02
-9.610527207711330733e-02
-1.190941344408252556e-01
3.041361092200346727e-02
9.625427067907088574e-02
3.273754088100408466e-02
6.994328856631251701e-02
-4.215547895735895223e-02
1.508088086661072413e-01
2.131625245915130251e-01
2.795626034455406597e-02
4.350237387314180582e-02
-1.104988471365904168e-01
3.327085704910712899e-02
2.843411562337911508e-02
-1.542728234235369450e-02
3.323514443518553463e-02
-5.486860620216473666e-02
-3.825084149223765152e-03
-2.192320769290549698e-02
