-3.890353123341819958e-02
-9.671972406357937091e-02
-7.200710232092270846e-02
-3.054504197750813541e-02
3.954306905050277571e-02
3.077688001625421277e-02
-5.271518282232671472e-03
-1.294962693451746742e-02
7.493476844669920423e-02
1.410658461191081625e-01
1.433349219782525108e-01
1.544030990674030712e-01
-1.306435830536788190e-01
-1.664729134415637579e-01
-6.905354425281906572e-02
-3.770522381364960207e-02
1.877900106143192416e-01
3.554407354645656991e-02
7.722747269137586468e-02
-7.188232023645026170e-02
-7.440160431966950927e-02
1.479635204363002367e-02
1.695519393922368390e-01
6.680379042334558259e-02
-1.473660050162076962e-01
-1.152286073080325407e-01
-1.684682620357378369e-01
2.642145749997608720e-02
6.270899136695937126e-02
-1.991743148451524323e-02
5.410376083778176831e-02
2.330917391040079889e-01
2.245063025402925516e-02
-1.408740807378351112e-01
-1.388419908299876326e-01
1.991958001239509460e-02
-1.004123442153604523e-01
-2.712902955064312033e-02
7.220790617974982839e-02
-2.444888270528419033e-02
1.174749039788632460e-01
7.891866857305961450e-03
3.983130000562722095e-02
-9.727731521534735415e-02
1.334734046670576872e-02
7.920342165150583147e-02
8.745145356231029399e-02
-6.071292364202368836e-04
-5.439316990716220462e-03
6.718445745696224880e-02
8.893080544215964389e-02
-3.977713301496030307e-02
-1.562807535721773278e-01
1.943255110832896662e-02
-5.136966764599310009e-02
-5.101673063478091158e-02
-8.146536576021801146e-02
1.133836549214736616e-01
3.089096293048656031e-02
1.712978113591971663e-01
4.071511691203965472e-02
1.451269254481086235e-01
9.961066016260237965e-02
3.667369415713036662e-03
-5.357216823610526715e-03
1.385670923638484264e-01
3.983801327122805935e-02
-1.489305376993176888e-01
-6.617671266313529532e-02
4.874945631424010273e-02
-2.137123753761999423e-01
1.205121705855281694e-01
1.261568731448165503e-01
-4.058277724896996314e-02
-1.313625736468361505e-01
-9.862217832121161765e-02
-7.313759388448551335e-02
8.425803975080967123e-02
-2.800676617159997966e-02
2.729778337063015758e-02
4.465296171217150029e-02
-1.360168019781352600e-01
-3.824244681116037783e-03
-4.484050962670110135e-02
1.570381361981933732e-01
-1.153813599482777230e-01
-1.292034059337250629e-01
7.128592105141505486e-02
-6.104886494949659376e-02
-1.276854468431258202e-02
1.549382843324290798e-02
-2.363235349980232630e-02
7.030552791857233585e-02
-6.542990311654878210e-02
6.292123598996331862e-03
-1.598243676673363756e-01
-8.848685898645636261e-02
3.258730561403366810e-02
2.677991777483092889e-03
-6.047646776989215600e-02
1.636425762725886579e-01
-9.491039485246777208e-02
8.682962901453590565e-02
1.176516579424966621e-03
3.217288369044569996e-02
2.962784432110637453e-02
2.439112477529348927e-02
-1.028917265162027223e-01
-4.916052496969776364e-02
-5.994107389479090726e-03
3.164540404318362532e-02
3.682715866925045131e-04
3.388014852257621723e-02
2.527567894309393909e-02
3.707540753501487041e-02
-1.524902784040719217e-01
2.326150340837360442e-01
1.322415383963211621e-01
-4.518805731103203716e-02
6.561672361868554904e-02
1.026275526957022427e-01
-1.798299443479546844e-01
9.359732594936444328e-02
1.397445773291844731e-02
8.584237644044537263e-02
-7.618272349080464079e-02
2.295554998597897634e-01
6.901584827339901640e-02
5.707871183519748481e-02
2.346454323277142803e-02
1.023467798372767745e-01
-7.552560918563093473e-02
-3.162924556240871710e-02
-1.525580309945543007e-02
5.143392954480414080e-03
-1.000316809675061702e-01
8.400379473693729560e-02
-7.720231209963113184e-02
-2.329692979277983925e-02
-1.077697087241127200e-02
-1.626607920765840154e-01
-9.484453441127255191e-02
1.234211170663656182e-01
-1.508727912378148017e-01
-4.485358268072427157e-02
-8.045192913357419873e-02
4.283740636652437657e-03
-7.187323145820130599e-02
7.715367905195190390e-02
-3.295942142520634499e-02
-7.743501218334175248e-03
-1.585004663568235703e-02
5.100931908710377993e-02
4.736030840508387296e-02
2.878079048095026973e-02
4.573570410914188505e-02
-9.241527022993138718e-02
-4.503271098272616096e-02
-1.775932239387051914e-01
9.060882977617547296e-02
5.811119653202747454e-02
-8.670427283172674193e-02
1.395950612798653803e-02
-1.035077067833706510e-01
1.879693768286812283e-01
-1.129543514423118206e-01
-1.294121335650778859e-01
-1.076769592535343628e-01
-1.821150944874119493e-01
-6.812186552429297381e-02
2.980640235159984566e-02
4.198918877841068681e-02
-1.602559484131366729e-01
-5.667506254053198550e-02
-9.281605542216915528e-02
1.660113255406619331e-02
1.004279487725548287e-01
1.962947625248677441e-01
5.537847755174493680e-02
-6.804415661830381934e-02
1.464478179376598257e-02
5.371019412678568888e-02
-9.268352682706246237e-02
-1.460820312576862068e-01
7.804009307323869771e-02
8.830515140386586970e-02
1.964689255568431020e-02
-6.145502528227456823e-02
2.365810818435653273e-01
3.132548771239310192e-02
-1.473220949377528066e-02
-8.635145033134437875e-02
-1.515036215956361114e-02
1.989683991141291686e-02
2.067641807466113757e-01
7.661159478182477667e-02
-5.865837982558746999e-02
-1.118718531306701625e-01
1.068965513052401034e-01
-2.131458684938032297e-02
-5.242713076320504317e-02
3.122622293907739363e-02
5.508975945291721271e-02
-8.644975382449936185e-02
2.459585499441986067e-01
2.583943880930981291e-02
-7.839706696406826408e-03
1.050292162018955922e-01
6.927635692714881332e-02
-1.286926182620264959e-02
1.112871021173979652e-01
-8.793122846266404613e-02
1.145550479835215178e-02
-1.702862993033165545e-02
-3.437279274428761081e-03
-4.613211927766257270e-02
3.159451475257459702e-02
4.317277643194290804e-02
-6.252363552234010968e-02
9.479591849796181746e-02
-5.626560010485377739e-02
-8.435929654347629203e-02
8.607337972079938393e-02
-5.573893479020795806e-04
-4.884363614259060182e-02
-8.084438605146589130e-02
1.168301944511682816e-01
-1.388763954792180122e-01
4.029807099288474498e-02
1.571782776286067829e-01
-1.630330292858346020e-01
1.195475475812066320e-02
2.738320142482112557e-02
-4.942017875318512055e-03
-5.453878379105665114e-02
-8.698785333065160719e-02
6.597650212599602548e-02
-1.621274137659683423e-01
-8.224740687786653848e-02
1.976746863847135896e-02
6.850470601055151654e-02
5.699101470408717007e-02
1.023464886239364297e-01
6.722012627800828810e-02
-6.076972078598005117e-02
1.948886642367169408e-01
2.217071343750217846e-02
-9.287413130885600887e-02
-4.235404343949468464e-02
1.288285943945315370e-01
-2.627398988386829559e-02
-4.760829139814434785e-02
-1.683268694333270865e-01
-6.359746602447793884e-02
-1.545225223965897288e-01
-1.566399291440181418e-01
4.951267454006151765e-03
2.942820733904033537e-02
6.833331241424930869e-02
3.146266439712222529e-02
2.536201699544372579e-01
-7.957081281060308930e-02
-6.664035765649400922e-02
1.102010189385264627e-01
-3.267446400720092764e-02
-3.473311695815995727e-03
-1.053597956942644576e-01
-1.439064396508399901e-01
-6.503828231795087678e-02
2.653649702200943858e-02
-9.512838262004418011e-02
9.953828924007812606e-03
1.660881295185947792e-01
-1.613465318670728177e-01
1.985567899597419361e-01
-7.315453481839014060e-02
-1.094939294625344867e-01
-1.772530133925938889e-01
-4.115857028231310888e-02
6.730203924064681598e-02
-6.587680331033331227e-02
-4.977083060560261174e-02
-1.761640673509403676e-01
-8.845614802862274140e-02
7.921383727152647714e-02
3.938607881030482122e-02
2.023274475357648029e-03
1.623482885003272105e-02
4.767007872373416749e-02
7.634194458290395613e-02
-5.036446598662674273e-02
2.826379651752359071e-02
1.537346838548783734e-01
2.595178140014613513e-02
-7.642269161972972680e-02
-9.552993449126533088e-02
5.689954620135469210e-02
1.080342706616528765e-02
6.162181784894838615e-02
-1.382758421965250006e-01
1.917274997386150814e-02
-1.109274011968404694e-01
-3.945711268310431348e-03
-2.695133200371227153e-02
1.234052082251466294e-02
-8.599568658461065329e-02
-3.256563085592713291e-02
-6.051993636221374151e-02
9.047699496340122494e-02
1.530252811344644803e-01
-3.562907481082634373e-03
-1.217421489686074665e-01
1.188597789712021874e-01
-7.714272801266688906e-02
1.722251517956880848e-02
-9.385629370329945029e-03
-1.569861951433391689e-01
5.607220298902501274e-03
-9.432738563256093389e-02
1.342074297164659313e-01
4.241820321675274924e-02
1.199919047582832521e-01
3.504371546887722483e-02
1.424076243572284517e-01
1.201013608238077068e-01
2.249633172333475595e-01
-2.448450203142505180e-02
-1.425513111263249642e-04
1.533629198323960274e-01
-8.855928308057545162e-02
-2.551395166338490950e-01
-7.544349807592801160e-02
-1.546059182718028703e-02
-2.290805344462548965e-01
7.558316101042908408e-02
1.758660721547599878e-02
9.459949595690969604e-02
-2.558421930964852389e-02
-2.174077242431008902e-02
7.891403818580015883e-02
-6.030763886180574851e-02
-2.859718400084838505e-02
4.502170585270746234e-02
-6.329689166552765825e-03
3.942139863792291921e-02
1.086749379671944904e-01
-1.685703956312588625e-01
-1.045000581285929209e-01
-5.118993570501668977e-02
1.970404387122082907e-02
3.222655684128300502e-02
5.316124413746341204e-02
5.698288973274220209e-02
1.019838183828241512e-01
7.950051266830109042e-02
3.945729061413181388e-02
1.146283208117932495e-01
-1.286997951758582781e-01
1.022447185963145239e-01
6.558535497650125334e-02
1.672296676601668364e-01
-2.152539680586528642e-02
2.060194761531055838e-02
-5.863537574826133830e-02
-5.981926172404094383e-02
8.749434090538786568e-02
-1.460361411927992847e-01
-4.565285201311231056e-02
8.297788896940692244e-03
5.182034217555876732e-02
-1.863919544458339517e-02
8.032187590245336295e-02
1.647390399752038381e-01
-1.441714620854872911e-02
-1.349969794460472161e-01
1.300153972920745082e-01
-9.806527809515314109e-02
7.246733736900128064e-02
5.340004256129401300e-02
-4.232831127147413525e-02
3.540625256562707213e-02
-1.339691536856007503e-01
8.454749342462343498e-02
-3.644783458419516287e-02
-4.448399596006986229e-02
5.041778744473573298e-02
1.452792988383966033e-01
3.149741865566763749e-02
-5.451855787474506852e-03
-8.328495730588875157e-02
-4.669418294904318506e-02
3.738172965071119569e-02
1.196215707115727694e-01
-5.258526133818069298e-02
6.272625513693265431e-02
1.593112186964103921e-02
4.863515816259584429e-02
2.542666165524360977e-01
2.542249628707432194e-02
2.103661017515280618e-01
-2.164198188955829619e-02
1.027536583768380168e-01
-2.441280322561801067e-02
9.352145721223813213e-02
6.992875941439832821e-02
-7.469514493448710379e-02
-1.041867607703990811e-01
5.754949945128295941e-02
-4.606615920936835140e-02
5.876542735440141996e-02
-4.841982333149347228e-02
-1.227499176778462653e-01
-1.367634201774216018e-01
-8.528921912666113936e-02
1.286132402845620998e-02
-3.822337672635188737e-03
-8.361725374463041538e-02
7.386858642300048183e-02
3.302755377385813151e-02
-3.325826592662075448e-02
1.072242356186883933e-01
1.581007735176894954e-02
3.489096062907836443e-02
4.443103340089425701e-02
1.080317039904599014e-01
3.560331622091490039e-02
1.060471962598324019e-01
4.411353568934785196e-02
5.497993903890201900e-02
1.556417492989866092e-01
-1.086429942481019068e-01
6.932830613553885024e-02
8.212948830948145484e-02
-6.324477796459412882e-02
-1.406462562955531070e-01
2.576382949150944623e-02
1.135129683534794182e-01
3.788880859905419812e-02
5.066511276434018142e-03
-1.896189489296414565e-01
-2.906597877366668553e-02
1.605472415002225442e-02
1.091548062308256711e-01
3.711824917251118489e-02
-1.762680251426905487e-02
-2.610398918540141749e-02
1.142914036597978897e-02
-6.032622026656989100e-02
3.411606370637906838e-02
-5.545577497832661351e-02
3.546731630421219583e-02
-3.769155276317217966e-03
-8.217570630412029953e-02
4.906491000334144842e-03
-5.434874051674017104e-02
-1.654405426099079743e-02
-2.308534242864678648e-02
8.354728816417270054e-02
5.707261781268347517e-02
7.641965314969681455e-02
-1.563510944517329526e-03
4.570534231755331994e-02
-7.645501780042716911e-02
1.709372066378955779e-01
-1.260882663071410080e-02
6.457447371194485752e-02
-9.567345174900200588e-02
-3.601353375535681217e-02
-1.157098175184929217e-02
4.904735120071507942e-02
7.344447553435010101e-02
-1.147916648999409428e-01
-4.663414305867497750e-02
9.725656244055844168e-02
1.662886346680361423e-03
-7.661190685833392522e-02
-1.681579856706181542e-01
2.924819159155903764e-02
-1.182007313663268472e-01
-7.263998513172967471e-03
8.137046670458257525e-02
1.079116184089248809e-02
-4.465746166396181160e-02
3.676090051365159955e-02
-1.876608166681375811e-01
4.285225670728391723e-02
-3.788901294792338011e-03
9.447525336847985289e-02
-6.172617177471811933e-02
-6.847136138711813758e-02
7.654033191235090627e-02
5.345635010924754127e-02
5.612112252634957055e-02
-8.957431139251074287e-03
1.266427228826305096e-01
-9.375602948206236686e-02
-3.170456846081843444e-02
1.916486666110022719e-01
-1.180830743526801868e-01
2.030250141219320514e-01
