9.621614999974256732e-03
-1.425111519175733810e-01
-1.518305998717132954e-02
-9.381144063616338180e-02
3.489152314915213576e-02
5.059831708575756107e-03
4.770517566893572176e-02
-5.809025177645211341e-02
4.399037249849727799e-02
-1.186282845771290118e-01
-6.026297957372413888e-02
-8.312470852043142566e-02
-1.485458145208212177e-01
3.122151248175442789e-02
3.251092355178320653e-02
1.030134498066290899e-01
4.945666808911182433e-02
4.165937473654094531e-02
-4.601222982575053216e-02
1.055040873193355544e-01
-5.994885190894060772e-02
-1.404999291491342561e-01
9.200783774395829284e-03
-1.105071084729267010e-03
4.545516315888077641e-02
8.366078814535241048e-02
-1.602878151310314636e-01
1.710468987723520184e-01
9.064413282851990772e-02
-9.145748487556365491e-02
3.853246770347514699e-02
2.216013805846503079e-02
6.414535420306984037e-02
1.024178496114096781e-01
1.793853658565978115e-01
2.872685393105457036e-02
-9.037170510330394535e-02
3.673803437943796296e-02
-3.227788782149534907e-02
-3.748275265603862733e-02
1.369306060451798979e-01
6.150624003801064693e-02
-6.654647560193682754e-02
1.023158078904463225e-01
1.159900726676681842e-01
7.852232625124386245e-02
-9.658959523851945450e-02
-4.862895310490602391e-02
1.328444051588894559e-01
4.814894077731936284e-02
-1.097178322222538277e-01
-6.993702065281177938e-02
-5.659406068707700799e-02
8.390909868574309913e-03
-7.888756818447782704e-02
1.276746175924408089e-01
6.572923328378240011e-03
1.337007358171145299e-01
4.462786509745571284e-02
1.580147599272294645e-01
-2.533348570236091356e-03
-7.286264756007969356e-02
-1.413123911905066754e-01
-1.282382125495571124e-01
2.423982562057316534e-02
-9.670890848937101214e-02
4.421357071019783869e-02
-1.062709021785285431e-02
4.253310749746724850e-02
3.099138437026024290e-02
-2.282384622309975297e-01
9.839977825963194726e-04
5.272237835398548012e-02
-5.354808927611254959e-02
3.552072985984446735e-03
-1.294657658690420432e-01
-1.003942938829852360e-01
1.110112449104098536e-01
-5.604996672366667487e-02
-1.989813739521540878e-02
-1.191140713015862579e-01
-3.931873887344772105e-03
-5.299336408796916781e-02
4.256878538096785236e-02
-1.191580138536718625e-02
-9.702398147582180776e-02
6.163768156759559524e-02
5.234488258037806735e-02
-1.157027155879749858e-01
-2.938035525379512070e-02
1.259445155637603508e-01
2.188813198915557923e-01
-3.789488156292801502e-02
2.353896771293607637e-01
1.348012484898881702e-01
1.278284805790824707e-01
-7.387403089337192010e-03
-1.095899171994541427e-01
-1.800778635565098429e-01
3.035386151689222281e-02
4.082705645170369574e-02
-1.304152726035934518e-01
7.239420612667170352e-02
8.997946150190287706e-02
7.910803705979098377e-02
1.797627019623189784e-03
-7.704305117286001925e-02
-5.805475746472339715e-02
-3.067712075955788403e-02
-1.933748446216027733e-02
2.915999030962113797e-02
-7.655005470679972744e-03
8.185402738180450402e-03
-8.429096700733264280e-02
9.800317462114889466e-02
8.877930507546040462e-02
5.426667651896986515e-03
7.329688325712924515e-03
-8.780893677055970348e-02
6.584894629226329017e-03
-1.783915001171509918e-01
5.935767709941887349e-02
8.297168812290080242e-02
-3.849473420093938586e-02
-2.899240892116346571e-02
1.141142911204323790e-01
-4.886518950694716812e-02
1.910533784121820067e-01
1.278813137762276064e-01
-7.775178424777461073e-02
1.347144674920067176e-01
-9.827424206673365803e-02
1.532684562446458842e-01
2.225259511996381112e-01
-7.357138315242356397e-02
9.580192636422017738e-02
9.208950790425690647e-02
8.256556807801469777e-02
-1.416648515613086468e-02
-1.072485679050935725e-01
4.151298346513825066e-02
8.505474737054465051e-02
-9.502050143111782921e-02
-5.679273078465740116e-02
-6.790585753601903127e-03
-1.463229747397896408e-01
-9.904635383590713188e-03
-1.004087712388570912e-02
3.516181501764265721e-02
7.455959968744980959e-02
6.097568032189813747e-02
3.891934813832013951e-02
-6.038135853712476436e-02
-7.546812093182449221e-02
1.289946864566964002e-02
-8.217146890233847922e-02
-8.163203593331870567e-02
4.210490780262085564e-02
1.846894454329570112e-02
2.280857241841542926e-01
5.670204887759422441e-02
1.106395263714620020e-01
-1.500611011691811991e-01
1.188334741443303755e-01
-4.570501895521918850e-02
-1.271007991463817856e-02
1.195543421218509678e-01
1.005398209288200367e-01
1.006778668190080189e-01
-1.384112836979371243e-02
-1.055283335016812818e-01
-2.011001140821537525e-02
2.688265033033049659e-02
1.009748271327117197e-01
7.590864969943580953e-02
-2.109207822412522693e-01
4.548360861038609759e-02
9.170097203223606663e-02
4.575393470705556298e-02
7.824702762622563756e-02
-5.156892407354307650e-02
-5.409482361525476402e-02
4.372807906573705078e-02
-2.331295541618517986e-02
-3.146281107949501499e-02
7.418814666124984303e-02
-8.243103025641367043e-02
4.688765859337108016e-02
-6.865000931404231788e-02
-8.150818228810663424e-02
-4.217980572583215210e-02
3.026282068510904866e-02
7.709021473367225208e-02
-1.073792110334329253e-01
7.799996447042313596e-02
-6.093360592754776608e-03
-1.282788850441489159e-01
4.095001827994379506e-02
4.649464897051271139e-02
7.747826624221948455e-02
-6.070650191145118141e-02
-6.591883018530418636e-02
-2.035895357915484122e-02
4.573865874782055696e-02
-6.169778814212587004e-02
-2.406043909055936014e-01
1.063069218607028271e-01
-2.933860058621926004e-02
1.007908249636696105e-02
-3.913759607173273453e-02
1.683209683470524021e-02
-1.443136751456988373e-02
-2.784912110782503808e-02
-7.438550980696212456e-02
-1.812261629041096722e-01
-1.082150787376348622e-02
1.205799459667120238e-01
4.541733327635071732e-02
-3.041481545316170737e-02
1.744641830872578903e-01
-8.202207729383807766e-02
1.325995158509055694e-01
-1.359880349462913030e-01
5.084717038869444178e-02
-1.221501144867022520e-01
-1.231435714383902480e-01
1.634234857361003060e-02
7.106803557042035147e-02
-3.697195119627873228e-02
4.116950610216359163e-02
2.511698298978150279e-02
-2.325928204800470009e-02
-4.053845366424112251e-02
-2.086258158513365213e-01
5.278821151784642007e-02
-6.841795321339461111e-02
1.904436760618989297e-02
7.713562322288700090e-02
-3.680536887130272244e-02
-2.065986915277023567e-03
1.100813746781973967e-01
-5.864800340133392853e-02
-4.466221212717665784e-02
6.619844949511008436e-02
5.560417193988908408e-02
1.482762121388605803e-01
-4.419274753337667366e-02
-7.687166047785182199e-02
6.562199935827627006e-02
-5.472611520564865661e-02
9.408366810486390452e-02
1.061251826979838289e-02
-2.707796170143587575e-02
-5.081866770593469057e-02
1.086041595637094459e-01
-3.891101353495377002e-02
-1.813310425172826590e-01
-5.524378889039990165e-02
2.680752507925622790e-03
8.405744593652932084e-02
7.366278695212534477e-02
9.150801798644009333e-02
-1.531494590133119504e-01
-6.460118419474518425e-02
6.867671043128706354e-02
-2.747069946930414536e-02
6.786309132273278533e-02
1.126897457593600688e-01
1.972108672917271821e-01
5.324765789224725210e-02
1.335607723959062187e-01
-1.539171005084462480e-02
2.388812171252241087e-02
-1.153172869414732238e-01
-3.732749069590635821e-02
-1.003126517424436925e-01
-9.370358984253253365e-02
9.984088311919196712e-02
3.369054229238366586e-04
5.315748251820776038e-02
8.701536525288144919e-02
-2.749288455583806176e-02
-3.159898086989187949e-02
-1.365947158165673782e-02
-6.114695715295213191e-02
-4.180748843608660115e-02
7.631816923971246336e-02
-4.831954051227679847e-02
4.506207566131645303e-02
-8.251379821987939178e-02
-3.766722162855521555e-02
4.150569213557139120e-02
-1.448296758068730594e-01
-4.747222942693143759e-03
-3.775214221035267520e-02
9.270802370905209533e-02
-3.587635704600407316e-02
-1.173953073055202245e-01
-3.532190282751122845e-02
2.005435887482122717e-02
-5.330227304768933583e-02
1.567683155080728807e-01
-7.384779892478285368e-02
-9.422124835074939531e-02
1.189738059192392040e-02
5.985030142093233918e-02
-5.382354477189593700e-02
-3.677319635778499018e-02
1.631304622168781304e-01
-8.267512025537121501e-02
4.303803664785091701e-03
-5.768182134013810636e-02
1.855145379464991917e-01
-8.096955010580608736e-02
-5.518137550684210774e-02
1.516730284647856697e-01
-1.172213194756464294e-01
-4.793388746764709607e-02
-7.927411983414281438e-02
-8.615135132221063419e-02
-2.186674430856274873e-02
-1.377136058005352659e-01
-1.434670695737386981e-01
-8.331571463017374557e-02
-7.666052073515659815e-02
5.287560286359502260e-02
-1.152711850279626443e-01
8.517498392101596760e-02
2.404112630198357650e-02
-3.294624715526577041e-02
-6.037705835778514607e-02
6.416729292920368873e-03
5.096425224467036191e-02
5.149371748204153304e-02
-1.399637328524587152e-02
-3.397542977319641111e-02
9.996642575521054452e-02
-6.137225663875617299e-03
8.888377968018615393e-04
-9.343711169371921033e-02
2.032640036514421142e-02
8.691788976481658324e-02
9.634051736371079810e-02
1.756926204828612170e-01
6.423684758133686723e-02
8.350971564136217343e-03
8.857713041153827960e-02
2.586815763942616319e-03
-1.000919392239017630e-01
8.980224004545248051e-02
-7.775354062132384947e-02
-1.412006981477584855e-01
-3.474546158569216669e-02
9.071415777184805435e-03
9.492971933432577114e-02
1.590632249898837058e-01
-8.836993237176803823e-03
1.089584117362642768e-01
1.407252496037614542e-01
1.352863196112185674e-02
-1.128684713272974927e-01
-5.812819709403754115e-02
-6.862710342945137210e-02
-1.304320740257101097e-01
1.052907546658201189e-03
3.304344530489698034e-02
6.694311198964226703e-03
1.724297864602017671e-01
-1.379210108461220441e-01
-7.488600818615853694e-02
-4.885158191640986275e-02
-2.228683166297425883e-02
2.574334314183716610e-01
1.244146427259816279e-01
-1.591290929195394999e-01
3.704646360066785049e-02
5.135496619639961374e-02
-3.708221547338020480e-02
4.128946932866273817e-02
6.643384061503599530e-03
-1.020210551579448129e-02
6.584333492098640855e-03
-5.837303596704985359e-02
-2.843349253764883289e-02
8.393176576409440426e-02
8.360851975667903113e-02
-1.409383872014298780e-02
-9.503863278949484239e-02
6.140214903478372066e-02
1.770826405410318508e-02
8.136321769539284210e-02
-2.190534552627589060e-01
9.256498220426252060e-03
8.971028397547077537e-03
3.424100462964226044e-02
-3.478554199104635231e-02
5.170816907043093019e-02
-8.734548436885078426e-02
3.984661456121027512e-02
-4.215495000837533868e-02
4.169201669004579669e-02
1.625474846735655565e-01
7.709347568542211648e-02
1.439060611738236968e-02
1.067708864425959553e-01
-1.161659842585673064e-01
3.265508154078658465e-02
-8.872206956337488903e-02
-2.097382282482130808e-02
-9.669268747156088695e-02
-9.730092053592301338e-02
5.868104810194210014e-02
-2.219487936012648488e-02
1.014616688323758398e-01
1.220974251113139154e-02
-2.100329203377354625e-02
-3.628099088504197541e-03
-5.520125767335767181e-02
6.174459896248949559e-02
4.340989409471553845e-02
7.307155955698615979e-02
6.206506761386668125e-02
1.133137323252434228e-02
1.291401248473659225e-01
1.729566363057517542e-01
-1.762673825943553152e-01
-9.158553162790847302e-02
-3.017919006852863920e-02
-1.643847904338393770e-02
1.158188740642191322e-01
1.934139492482824241e-01
1.917011437637331783e-01
-6.648086412616205365e-02
4.954802137539228435e-02
9.835159581072512591e-02
6.783974590477852284e-02
-6.291036765897356497e-02
-8.379546996995287933e-02
-6.385747327228334658e-02
2.184033510735856609e-01
-1.749431791837045280e-01
4.535947656441487869e-02
1.008698040060315854e-01
-2.568303484736923076e-02
3.756687863208386588e-03
-1.869281419165187003e-02
-1.096087242037636494e-01
5.508239613695233711e-02
-6.226121802289677487e-02
-4.423362999216517294e-02
5.702748843670546464e-02
-7.264953668604459680e-02
-3.071609664274941101e-02
-1.196107198756826279e-01
-7.213024868583528537e-02
2.394171965012729594e-02
1.312338096605936699e-01
1.048526853611195658e-01
-3.833583545010679078e-02
-1.677979679494429333e-01
-1.276509430184542271e-01
-3.072968352561428196e-01
2.964826102615792866e-02
-1.545792590405697109e-01
2.220212036219682689e-02
-1.915125325908073476e-03
-1.485938418854590992e-01
4.450011299995646624e-03
1.000006288940961524e-01
-1.965075712881676415e-02
-1.153315206122770276e-01
-1.664455236634634350e-01
9.261357528691735799e-03
8.152342679789702229e-02
-1.011356074073427869e-01
8.863224835459977691e-02
2.393014664853822943e-02
1.427616593272912522e-02
-1.282967552167940117e-01
-7.230700453135494032e-02
6.976497144759861990e-03
-2.929275339185596558e-02
-1.848392947961193244e-01
-8.706950042492501984e-02
-1.141009739866258874e-03
2.704530155901704869e-02
-5.993726622551702465e-02
2.759388412297084439e-02
2.874440032439591272e-02
-8.511231076814645968e-02
-4.412123782762475410e-02
-8.877842284360402958e-02
-1.016975278025625262e-01
-1.997101308411973475e-02
-1.998547697731768713e-02
-1.195377862912518768e-01
-8.201550679316894563e-03
-1.197790150428027084e-01
2.772481460523998353e-02
-5.600261390542162453e-03
