-3.084204386326055286e-02
2.040116603970030737e-02
-8.700169324234917345e-02
-1.809717176787023762e-01
-9.432952435295574589e-02
7.359138175543489258e-02
-5.828984143592947503e-02
6.026180722515869087e-02
6.147770124558662314e-03
1.360488259532254829e-01
7.318505764525666535e-02
1.953273727050144626e-01
-9.375876043607089816e-02
1.605606754141609971e-02
-8.296363611934208515e-02
6.281957997093604029e-02
-1.701750343215422678e-01
4.955914612597601965e-02
2.980260638811719348e-02
-5.663509810542956269e-02
-1.207744682412759639e-02
6.375124363022854901e-02
-1.706432059446733596e-01
2.404317288322015828e-02
-3.420352530806159558e-02
3.481478982916177967e-02
2.140806079064537515e-02
1.154356244899453626e-02
-3.444353042864706921e-02
-4.923654281915571668e-02
-2.548070987036970061e-02
-6.168763064824360487e-02
-5.289273008374143631e-02
-8.402910356346726672e-02
-5.854454714530503423e-02
3.777447639442354371e-02
2.831635652286007554e-02
-1.171558655409381082e-02
-5.152560310856498654e-02
1.267931499833289954e-01
-1.799378896523127699e-02
6.183591487828093460e-03
-7.910014224208135325e-02
-7.810098156364643496e-02
-5.629039625573400291e-02
1.258322082677384435e-01
-1.821088738678634245e-01
-2.198791340448210882e-02
3.443438649431278253e-02
-2.493449404631095309e-02
-1.031761102709572997e-01
-1.024078978250436180e-02
-7.196971859699821672e-02
1.628641601030052788e-01
4.887984309869685545e-02
4.025082234216086075e-02
7.490787190306241738e-02
-8.485067161638614602e-03
6.294148935950874546e-02
4.946494086387755174e-02
-1.756538547608520739e-01
-9.208569692504765120e-03
-3.518355682846371901e-02
-5.470966898532662187e-02
3.066785500454119462e-02
1.941288932166327919e-01
3.245480648464914297e-02
2.569378208259430196e-01
4.342236597375342955e-02
-2.599457724294047464e-02
-5.248322156958463991e-02
-3.237603932072332519e-02
4.330485409902543048e-02
-1.503799520378718956e-03
5.813004831905358577e-02
-9.251179664932922264e-02
2.995182833982135140e-02
-4.103119782389549886e-02
5.701697028341579793e-02
4.557140487705218374e-02
3.598228313168625597e-02
-5.650576606650664635e-02
-1.526971730047374520e-01
-1.655085107335569905e-01
7.536215563544046425e-02
-2.681038115061669565e-03
-2.031055739480485539e-02
4.004068287165616323e-03
-3.503775824721363889e-03
5.093225249155746218e-03
-6.013683137936839257e-02
-2.801829611845868886e-02
-4.974675644440085948e-02
6.408865833637195086e-02
3.515395372238824812e-02
1.021737588644344025e-01
1.077850559825633062e-02
1.117138454703783985e-02
8.444968799005019011e-02
-1.067077911999792794e-01
-3.206900645059827110e-02
-1.105920668869447843e-01
-7.621513368242630038e-02
-3.895729033389001145e-02
-7.936749457034628780e-03
3.949845218371056399e-02
5.704685543579100793e-02
-6.101298089401638314e-02
-9.986407315858672473e-02
-5.350233631838108989e-02
1.644068592372435397e-02
1.019133383997719300e-01
6.487224069394356696e-02
2.117396505994992295e-01
1.152195052511096607e-01
-4.463271543968521521e-02
1.920865198970275051e-02
3.797006333305613657e-02
-9.085213481247525480e-02
-1.143423976574280132e-02
-2.575849524567102103e-02
1.124758883047156655e-01
3.485114705896783655e-02
6.323111516341496652e-02
-8.720773612952659182e-02
-9.609847814371760832e-02
4.737634970977090687e-02
-1.048437982657432210e-01
-3.260980435364329438e-02
-1.260807347161795877e-01
-8.029471130979198845e-02
2.065499963176383458e-01
-2.846076474484433155e-02
-9.611123158980557080e-02
-8.388673397252867370e-02
1.368676173091421845e-02
1.646905579075678971e-01
-7.603937811197025720e-02
-3.131794676718841625e-02
-1.186978268270211107e-01
-4.848122030773521773e-02
7.341283279620480773e-02
8.518338042589375381e-02
8.954630375313801793e-02
-5.081816755352495940e-02
1.673004507653763073e-01
-1.709434168777080598e-01
1.267492811036969279e-02
-5.550030233196208938e-03
3.007490386963585990e-02
6.605286140053136246e-02
-1.793697337005350362e-02
3.233510965559326100e-02
-5.016045554161744496e-02
-8.051495257824516083e-02
1.521398670191884822e-02
1.081349216707479383e-01
-1.401245006849936858e-01
2.811440517189514252e-02
-1.719607640885672389e-02
1.174865246207335429e-01
-8.845854111711190515e-02
-5.689724635369403094e-02
-1.842882766419443319e-01
-1.504793497180678663e-04
8.646828306916207185e-02
-1.452590231752975136e-01
-4.482659883278562740e-02
-1.815219444733532500e-02
8.860860904178140263e-02
-9.417396743048936369e-02
1.229463554552469168e-01
-6.620279769599296538e-02
1.354127105665259203e-03
-5.064983844464755747e-02
1.980642073887533584e-03
4.014886941000019027e-02
-3.846790813463384778e-02
1.766814518180607751e-01
-1.101915371294433926e-02
-9.240966785186573509e-03
5.401604840255512519e-02
1.077766188512683382e-01
1.051306878652842475e-01
-4.602294508647825771e-02
-1.089305451861666552e-01
4.057212529071209384e-02
-2.938783155976973024e-02
5.418133987652668654e-02
-2.049327635519904590e-03
-1.155341884659365215e-01
1.752550497640467664e-01
5.548058291293400668e-02
-5.006964874183594122e-02
-8.789125428300258169e-02
-8.735643853930841196e-02
-2.311187875723839588e-02
-9.051693298131040233e-02
1.182182750564368112e-01
1.016600334456260191e-01
7.683908401659363119e-02
1.231536389041754248e-01
-3.905438894285544887e-02
-1.138283828732842076e-02
5.882310693575804050e-02
-7.502470970690310048e-02
5.410269622225077901e-02
4.747526364733729853e-02
6.485191229796856416e-02
-1.124696001671113797e-02
5.685384769487647483e-02
-9.021427006085938616e-02
1.568624335503444531e-02
-9.264235687744794279e-02
-6.081170424770932642e-02
1.290583906283669091e-01
5.516359381139052109e-02
5.756686365598176480e-02
1.048410063336299991e-01
3.227608565186239342e-02
-3.720535295294180589e-02
-4.035741378688462860e-02
1.306063346831373428e-01
3.404711735227092251e-02
9.114507436477831126e-02
7.281402950107682126e-02
-1.249210785307545285e-01
-5.079579389791531729e-02
1.117968115004487062e-01
-2.246939249430933080e-02
-3.603609130080187573e-02
-4.212403691653997251e-02
6.391761589166494728e-02
9.930766336373586523e-02
-6.179624127564672942e-02
-6.418515189449240654e-02
6.250978392572069386e-02
-6.647784793477393150e-02
1.439430914158613684e-01
2.054074231095797398e-01
1.795356246800291003e-02
-5.564427008595156099e-03
-1.301356425514756943e-01
3.318281537850550217e-02
-2.572467380937612774e-03
-4.580288104835191637e-02
2.849251515493791617e-02
6.471011241525369273e-02
-6.933891325077029544e-02
-3.680168119008384031e-02
2.840284512021619759e-03
-1.091152971888000034e-01
-1.196091461752652679e-05
-5.064780334355422492e-02
-1.305088291991520766e-01
2.396259363952729302e-02
2.332066214452745145e-02
-1.620250275778030158e-01
-1.889661485187569059e-02
-3.873655232566334400e-02
-3.633671073849238653e-02
1.306371132646770294e-01
2.980054940093494406e-02
9.973469896213284225e-02
8.538961563973747337e-02
-1.028844878677615329e-02
-2.427952046027486571e-02
-3.642022482693299534e-02
-2.985887021911272365e-02
4.996074992875274012e-02
-1.023101884933854122e-01
7.341319842654897565e-02
6.712462596857544928e-02
5.454040521139115472e-02
-9.820408644758815697e-02
5.489648609556670861e-02
5.607040190984829975e-02
1.279874261354187748e-01
9.861659108316383690e-03
7.578604903738291043e-02
2.776748784038335360e-02
5.325760626249784885e-02
-7.443242846293158035e-03
4.915796009551836460e-02
1.993243883287872942e-01
7.936474122638449702e-02
-8.653099588445226087e-02
-2.520398474971133253e-03
5.117835202621318080e-02
-2.014088264282521898e-03
-2.000369730986074901e-02
-1.299374885124784940e-02
5.712730632841131473e-02
2.085530598069276764e-02
-6.291797200883479657e-02
8.727837295758802960e-02
3.130696624924332594e-02
5.095580003928830079e-03
2.129530434132953162e-02
-4.602332267847602382e-03
-8.040638095015360809e-02
1.691505810396969761e-02
4.091647550257768856e-02
3.540607768321798327e-02
1.318949341714764356e-01
-8.450495992092386943e-02
-5.114352518055984009e-02
5.971611701623952273e-02
-5.567538559851557128e-02
7.235840823082719496e-03
-8.222500727294963785e-02
4.504785232538580791e-02
1.601077039909407085e-01
-3.664152878359377974e-02
-7.603558761057463422e-02
9.349796958974090910e-02
-8.191356102547499296e-02
1.163004551786556671e-02
4.401517134121903790e-02
-2.148688574421129260e-01
3.891434945923202132e-02
6.154265115383586275e-03
4.115747830696832310e-02
-1.135173210035130172e-02
-4.812278926696223619e-02
-1.068786182637697021e-02
-1.667221803890142628e-02
-3.568394470812761426e-02
-9.584515561522814753e-02
-7.230660880933108270e-02
-1.212819277780539072e-02
-1.509750381780675388e-01
6.143977233769675611e-02
1.111667503587720762e-01
-4.102884525290779322e-02
-5.508529345100835611e-02
-2.047247375866063576e-02
-3.158931786511764289e-02
9.718106563406522791e-02
4.772566944997510413e-02
-1.118612629151008037e-01
-5.436002174888828614e-02
-3.858096686461354174e-02
-8.677704849973297274e-02
-5.444591300222469815e-02
-3.360654995528954136e-02
8.293590095774880377e-02
2.034937618250726513e-02
5.991579626160645385e-03
1.502870594728336357e-03
5.722468012082811833e-02
-8.838616246818445377e-02
1.288776618013049921e-02
-1.010480426072578493e-02
-1.128169636304928863e-01
1.381705176879881036e-01
-3.291277443436226718e-02
1.937275751973673021e-02
-1.888759140368937925e-02
-3.080966740977111179e-02
-8.482206965896435524e-02
-4.535774276836209568e-02
7.595039349536783502e-02
-3.973352793426675363e-03
-1.232112722528921206e-01
4.225413730191503181e-02
-6.067586003406626183e-02
1.941125980449213279e-02
-3.596289116757619107e-03
-3.322943210048948798e-02
6.214359290468619845e-02
-1.211327925981885018e-01
-6.798223992335906962e-02
3.456218041018391252e-02
-1.575304964939548413e-01
-3.455599833946950555e-02
6.209439363371666715e-02
-1.783376694162771420e-02
-8.048215354531973453e-02
3.861142359661545037e-02
1.320461969905663280e-02
-7.371076235549949007e-02
-1.333061625572610487e-01
-4.842072836559847826e-02
-7.252197115219706502e-02
1.019504052060964637e-02
1.261680270706378726e-01
-1.370000596842455842e-01
1.905993722949468269e-02
-5.444699289001350695e-02
2.151681176203325274e-01
1.771374700423342455e-02
-1.170569952964801291e-01
1.102088490347882394e-01
-7.952179107601783925e-02
-1.206206794872837773e-01
1.681880692012242828e-02
1.349827853660636422e-02
5.321789351254424538e-02
-1.182103135603062988e-01
-7.479614426347239164e-02
-3.212997537212128329e-02
9.901573235095519065e-02
-9.336110799809999375e-03
-7.368763438985142036e-03
6.914665451536181062e-02
4.376102666159080445e-02
6.317501891954070692e-02
-6.569868761617751740e-02
1.167848978020821632e-01
8.045273233978464389e-02
-9.486636150443399085e-02
1.264790039495891638e-01
4.621331433941723577e-02
9.679503712587253506e-02
-8.750969815561701615e-02
5.244594262990304179e-02
-7.229715243359803069e-03
-5.114595576429918633e-02
-4.641778793202645803e-02
7.442779557199291629e-02
-1.475674186996874249e-01
-2.131262799423609862e-03
1.542243252169066825e-01
1.182743384684524918e-01
-3.215041804810408327e-02
1.417593750112447135e-02
2.391729062626688218e-01
4.545295547690748200e-02
-5.461008308811646228e-02
2.214520474228905481e-03
3.607913932884840302e-02
9.541038588957964639e-02
-6.847729120581183548e-02
-5.826254998597332757e-02
1.881884759843957533e-02
-7.817653150783221427e-02
1.639007076619946809e-02
1.132066341389851606e-02
-1.172400718387179783e-02
3.638658118964574473e-02
5.626411540446315390e-02
5.026159887364370360e-02
-3.558669925597771760e-02
-1.939256804847244720e-02
-1.445281972169067952e-01
-1.280103786112571362e-02
9.008174700406518243e-02
-1.123494294298745949e-01
-3.621377538153258691e-02
9.251258993439573711e-03
-1.069973206393031590e-01
-1.202891738641099911e-01
-7.370277622089049796e-02
1.750485001040823566e-02
8.633599396763830605e-03
7.442931957769685462e-03
3.861846456891371987e-02
4.959443554984687558e-02
-7.760675225069253724e-02
5.438528997939039329e-03
-2.378001127501709958e-02
2.914367888943711349e-02
-8.204338485365189268e-03
1.996679240356726698e-02
-4.879625902747346256e-02
-1.394827510294951653e-02
1.081041166260218039e-01
1.402805639888419775e-01
-1.389106180336038832e-01
-8.221337889783507727e-03
7.699881676169391398e-02
1.715585775100045632e-02
-5.088598781780850899e-02
-1.212933614544125238e-01
-7.956084815766407969e-02
5.420632921008194244e-02
1.857083869981680790e-01
3.266835010926749661e-02
-1.214717438659863036e-01
-6.008225129091290806e-02
-2.096442560888673451e-02
3.060991330389262188e-02
6.338729253429965793e-02
5.000750589957361075e-02
-1.130539526427745863e-02
1.243414443220402371e-02
8.422270082996613505e-02
-2.013177955013745191e-01
8.474711492419213787e-02
5.617416860827787600e-03
-4.806359883490569918e-02
-6.894988590081307933e-02
-6.157845689114729154e-02
1.930043553190607941e-01
1.215057182804040875e-01
-1.504524437241289703e-01
1.076165352238910161e-01
1.018412414719828130e-01
