1.223923037960051620e-02
9.561161555110145316e-02
1.198806352734126390e-01
-5.099518978776867301e-02
-1.583496431057260928e-02
-1.164610637708513585e-01
2.603966686656729833e-03
7.733627463030315341e-02
8.594206304476663394e-02
6.528838878621759378e-02
-8.247597385814552096e-02
-6.996005819366100942e-02
4.705775115651104901e-02
-1.619250944085437807e-02
-1.422872749835021322e-01
-1.156118212140110416e-02
-4.499080248606247834e-02
-1.014380548978816299e-01
6.222053544183760165e-02
5.517412676543367173e-02
-1.232713915151694983e-01
5.692539907901620483e-02
-3.601466979958507092e-02
1.377179300308870868e-01
1.956111663112255691e-02
1.246553930529517920e-02
-2.787681696174288543e-02
-2.510923140921208704e-02
-6.607917580707349655e-04
-1.199844717679765527e-01
-1.259847051566040654e-01
-5.920002842333758203e-02
3.816715377746052185e-02
-4.881719261148528832e-02
-3.269676749254492309e-02
-8.325270539841082493e-03
-1.555580644283421909e-01
-5.198734299466516162e-02
-6.645489984320172849e-02
2.335566181454842155e-02
-1.029829504996166573e-01
2.945607693762219287e-02
-1.411672840711532826e-03
4.402901214869877830e-03
3.476023780489571890e-02
2.523813190061473255e-02
-1.210420809710023998e-01
-5.291270730492771829e-02
1.226624191240751997e-02
4.921249489386518572e-02
2.432041411660647995e-02
-2.309770953287321182e-02
1.502131080168096419e-02
-2.776682767216089032e-02
3.375283238179642431e-02
-4.608387829921405110e-02
-1.260210069210073933e-02
-8.729945231291178290e-03
8.787389232155613794e-02
2.432896073061103972e-03
-3.741877454663256053e-02
-7.129298111074520994e-02
4.257560774503161422e-02
-2.990866015473666109e-02
-3.137997188227096418e-02
4.309183410290041982e-02
-9.329599554588284549e-02
3.817223146545373202e-02
-7.663572569990950820e-05
7.500608228432112390e-02
2.253208407026839784e-03
3.752295090779364170e-03
-5.252394994977888087e-02
-1.192188279642263093e-02
-1.311336636809105061e-01
-1.467475069382238699e-02
-7.278159594860568460e-02
5.139570480425467713e-02
1.168105234384000241e-02
6.634767488165548011e-02
-9.867337365317439823e-02
-4.195027034679296024e-02
-3.057051501630194540e-02
-1.841219465658699289e-02
-3.053923647670209879e-02
4.556975080620667695e-03
3.033684981734101338e-02
-1.889072500526942366e-01
8.809943930489412545e-02
5.668844335668230677e-02
-1.174146003436562537e-02
1.733052988694826213e-02
8.206122234432107476e-02
2.825531786989932820e-02
6.218541853023236421e-02
7.885930665007838403e-02
-1.071953148602993247e-02
-1.094243337673964089e-01
9.021196670428877767e-03
4.932303069213116870e-02
3.505017181895415945e-02
-9.704391292858072227e-02
-7.463844373697613166e-02
1.560198333522833970e-02
-1.092449076148374471e-01
1.360859983297349196e-01
3.401658353853050792e-02
-7.216993851512820690e-02
-5.884681547034197741e-02
-8.753750562252604964e-03
-7.923019245397938670e-02
-2.079560125246283225e-02
-1.045686695877594274e-01
-5.106766187251116779e-02
6.181369221465306957e-02
-2.443566603676008281e-02
8.882915678090702594e-02
-8.452641494712302694e-02
-7.582742456924186636e-02
4.164200710610364842e-02
-4.622931841449016976e-02
-6.210435939602012428e-02
7.634545394167505106e-02
-7.864764635876964061e-02
-1.298980925289373034e-01
-1.249702291302754176e-01
-8.761223485656563503e-02
-2.050010164865353340e-02
-6.001190885786886198e-02
1.145528249459338704e-01
-4.792323819815421521e-02
6.459153323505824329e-02
-2.439687097231419896e-02
-1.486257612232431621e-02
-4.808708023905653578e-02
2.234378208015738027e-02
-7.031592734756694427e-03
-1.081995969045087061e-02
-1.544533620301671850e-01
-3.559802167436363490e-02
1.054060585474006079e-01
-5.648226960735096280e-02
5.295357820048220143e-02
4.223468698970303525e-02
-5.975243211552232203e-02
-4.183963454436328416e-02
1.340379006748798341e-01
-3.048868621875928248e-02
-5.392056330465058028e-02
-9.275651369617735065e-02
5.529489100700656426e-03
-2.875249367139286541e-02
6.697765293116643426e-02
6.631152542692032859e-02
9.622663328884745182e-02
-1.217649414128156304e-01
-5.504424919039851982e-03
-9.216680919355848059e-03
1.917896980425762982e-02
-1.603895742918247250e-03
-1.098700127894906148e-01
2.754774401889265381e-02
1.483085025504541354e-01
-9.482869578011994538e-02
2.182203764367687468e-02
-2.594247053479623120e-03
8.868317824949137340e-03
6.917942996303447223e-02
1.059225715782189867e-02
-2.434890984337194017e-02
9.855293318010817372e-02
8.584275467165966567e-02
2.329222324570992542e-02
7.623092772398183670e-02
2.793103919886199063e-02
7.616333313255281567e-02
1.813334419463343353e-02
2.548998398415180250e-02
5.779455729757900645e-02
5.556617264579369331e-02
1.246858178376681753e-01
-8.750199900655347696e-02
-1.711871421318656231e-02
-7.921501415341746302e-03
-4.736758845441668697e-02
1.179257058663109592e-01
4.987732960792387420e-03
1.930364738897067875e-02
1.131773287018413982e-01
-1.027918769196418253e-02
1.346207330233583632e-01
6.317026224656120681e-02
6.389028143202223065e-02
5.971400840050323372e-02
-4.307007924157049694e-02
-5.444076009645609088e-02
3.550989069219746309e-03
4.099801251322540002e-02
-1.515454866409806090e-01
-1.355448905639689700e-02
3.216390249003265450e-02
5.026614600508211989e-02
-6.637782426726557272e-02
1.911705298222960703e-01
-4.240094765234525553e-02
8.069439594908141278e-02
1.254389986222933517e-01
-2.556838042133935743e-02
5.770320895303555214e-02
6.999095799108361049e-02
-1.800495572777499262e-02
-1.070619223318226149e-01
-2.259422660744437802e-02
6.900509700533072333e-02
-7.375297562818762531e-02
-5.249200508656892694e-02
1.890508887699372462e-02
-7.374322860049099815e-02
-1.979657253058327709e-02
3.149767263095093472e-02
8.242348067681486146e-02
-5.359913960610725864e-02
-1.974472816954166501e-02
-1.314042585551245534e-01
1.358449615952597202e-02
2.520733206687780781e-02
1.899345568204723889e-01
-1.192341233801540723e-01
-5.530135784849333352e-04
-7.227302108393135471e-02
-9.729749462388992409e-02
8.875982090660203272e-02
3.271227657679179595e-03
-4.146965610239792405e-02
9.490059321030820672e-02
2.931786392810214331e-02
-3.355820051960242689e-02
4.095102632212589688e-02
1.060397690622862932e-01
-5.491194613924708229e-02
9.157138582364204166e-03
-3.610504527984917389e-02
6.638419480760322788e-02
-2.063005946312350750e-02
-5.598167955072062482e-03
1.402471417483050660e-02
4.660096831053601313e-02
-1.109839467918338485e-01
-1.198928968534263284e-01
8.822917983302801248e-02
-6.234673061702548230e-02
8.000809594327747132e-02
6.950796860266084121e-02
-2.324508786443806388e-02
-1.021552024055977920e-01
1.349330835884193502e-01
6.463047782916042650e-02
-2.087300304633142936e-02
-9.849512735168894362e-02
-3.824066945949034652e-02
-5.135242988829255562e-02
-2.410706406013762848e-02
-6.962185653743351021e-02
7.259102936970662431e-03
-7.759082716866667895e-02
-2.109951859197157359e-02
-3.701710609888936993e-02
1.516414542286352758e-02
-4.827241471656158051e-03
-2.899624219693327024e-02
1.735596241755583968e-02
-2.673158638460085279e-02
3.790396637789573975e-02
-1.287254481284236529e-01
-1.135530738401184375e-01
-3.741862135207144058e-02
-2.394890474591836529e-02
8.074553754232620395e-02
-8.864583129805091166e-02
7.793914477413819986e-02
-1.131828661853757911e-01
3.676275860099543352e-02
-5.574205639996451106e-02
-2.419780105660371619e-02
5.360666859047541477e-02
-1.235043686109345978e-02
-9.347253002432508867e-03
5.623998003583489252e-02
3.473036068382866735e-03
8.225829930017430902e-02
-6.159761395637416981e-02
-9.235458771242559262e-02
-6.266258324438013505e-02
-7.871967097448807904e-02
-8.721717542202603313e-02
-8.550580582986365419e-02
-1.092340537026263020e-01
1.899333809330314843e-02
2.756681545944151060e-02
-2.515056860212803308e-02
-1.295612760517758297e-02
4.845714415651581480e-02
3.119775123214367854e-02
-8.913895648894050450e-02
-3.132201113657420016e-02
-6.708922514367000878e-02
4.322899235481673930e-02
1.014540033759700616e-01
1.644945706929298521e-02
4.602876441997010015e-02
9.037484304922124845e-02
-5.886504581277398479e-02
-1.749908693694569514e-02
-1.192941356612824272e-01
1.448824495343763001e-02
6.718489819572763533e-02
-5.525868211219910758e-02
3.287368455659411826e-02
4.931418826969703739e-02
-3.356466374212765946e-02
-1.454924466222570116e-03
-1.200818277976903499e-02
-4.856723614333165184e-02
5.420460182991328202e-02
9.414177557295920484e-02
-1.186740880928949804e-01
1.093956009312491012e-01
-1.044760195787068809e-02
-4.033820452874158774e-02
-7.106078978810956293e-02
-1.625120808557209764e-02
-1.888832453456871507e-01
9.381033609522601568e-02
4.381838410008308260e-02
6.695845116804569064e-02
1.478848655237134935e-01
1.317563094135089374e-02
6.009554216196055787e-02
-3.302499785295291701e-02
4.700393566070429352e-02
1.014535863859413467e-01
-1.419035004865771832e-01
-1.496324297593472352e-02
-5.975922556093628268e-02
9.292949856769560681e-04
-2.621307196533651657e-02
4.196448942549299219e-03
-4.731594461746582714e-02
-3.224097662673441889e-02
1.047080782209826311e-02
-1.453993464666039799e-03
1.213554581065279109e-01
5.029700710570170208e-03
-4.607050481858349089e-02
-4.927762734723410698e-02
6.244319043129289981e-02
-5.794819563887858294e-02
3.718967201373894055e-02
-2.976766893774220740e-02
-2.835284856958086505e-02
-4.550306593331866767e-02
4.357184398831375621e-02
-9.045553243872152260e-02
-1.659799972537580603e-01
-1.916740165381900993e-02
1.164839040917870633e-01
1.901346315255626196e-01
4.556745243722683941e-02
1.824334790790787739e-02
-8.649240820918449590e-02
4.766470868042846018e-03
-1.764607441117859582e-02
-6.072603258248721741e-02
-9.605024881947629711e-02
2.018000425683768584e-01
-1.248623166568436083e-01
7.894524901634908387e-02
-8.877664805698608913e-03
-1.565581616999105891e-02
-1.976142920823937763e-02
9.444521235087577349e-02
6.118321239858463129e-02
6.145894982942148171e-02
1.508429118993448725e-01
8.684179470881457294e-03
7.799081861249165804e-02
1.059781715321602841e-01
-1.271480547696356989e-01
-9.699398470888503238e-03
-1.334286216530487790e-01
1.790799299691915591e-02
3.318217175889136630e-03
-9.659067573890377234e-02
1.422750252628631612e-02
-3.616809229003817988e-02
-1.544976624181110432e-02
-4.508604878466598853e-02
-6.860656704347729840e-02
-7.446685437326690249e-02
-8.710257565173021993e-03
9.542294720100005789e-02
-3.273317005987280010e-02
-6.797028365903124737e-03
4.563469141716791633e-02
5.037472627617513299e-02
6.826836759441899660e-02
-2.954851402932999818e-02
4.674196510684978066e-03
-2.443009069953392884e-02
-6.494226779273779004e-02
-1.019247805567666393e-01
1.923412771435548119e-02
2.482243636288215555e-03
1.025575354249405324e-01
-7.874191218497400557e-02
-7.354541791183794031e-02
-4.999891482424947964e-02
-9.436184781450548172e-04
-2.117079809246290648e-02
1.055361660364751430e-01
-3.344471003562319439e-02
1.472051902846336080e-01
6.974681718690700638e-02
-3.492030935423826032e-02
-3.105783443836121829e-02
-4.080800943002806797e-02
1.154184447683806874e-01
-6.748425311296991913e-02
2.536237708759639733e-02
2.341184491805471321e-02
-1.054040700545433029e-01
6.463161272611014918e-02
1.475541600544022329e-02
-1.079301189136871036e-01
3.771095581066086916e-02
1.813783286287006802e-01
1.516307716884262025e-01
-8.380025772281883556e-02
-1.287280036266063854e-01
-1.438931722254591268e-02
-2.654105532872985673e-03
-7.470851061325291254e-02
1.835852433881228207e-01
-3.050907298752702362e-02
3.034487773340364958e-02
-6.745282508407444977e-02
-5.784562750256506958e-02
-4.217966444476799887e-02
-7.600689115711449506e-02
2.677076901713570239e-02
-6.968867918467276310e-03
-5.215897833095040764e-02
9.564303406807386082e-03
7.836389504583898824e-02
2.220119944822745647e-02
-2.017900784984487383e-02
-2.316736356397423868e-02
-2.726525648490176618e-02
-1.876659876920607276e-02
1.591356061820650702e-01
5.126931061733073364e-02
-1.638543982213389386e-02
7.364015837108385532e-02
1.541379810320132882e-03
-1.101419002781531438e-02
5.182202684897735390e-02
4.093060853371577323e-02
9.222992110180722181e-02
-1.628855655992534346e-01
9.872726537286471982e-02
-7.195637935072521363e-02
7.444797778531320187e-02
-5.907224369946508652e-02
8.114603807783207778e-02
2.417097854878878099e-02
7.014428906590318424e-02
-6.326977221267672535e-02
7.005043200991868668e-02
1.765375079070303013e-02
3.878225728818498336e-02
-4.990718871700534215e-02
1.351069019697265054e-02
5.221430548890758361e-02
6.617862792215274681e-02
1.038804978027327852e-01
-1.231715636940087927e-01
3.736021744367513941e-02
3.629252099887837063e-02
1.948793575704776612e-02
-1.312249567865557756e-02
7.331703514214474304e-02
-6.317752872824182464e-02
7.009875905560576659e-02
3.297358971955156870e-02
-3.771305201749856895e-02
-1.068959199408340832e-01
