7.724063827627412893e-02
-8.929057702058133816e-02
5.236392654776457489e-02
1.298747535289876132e-01
-3.935945524420322167e-02
6.662142379812846515e-02
-2.976058578733376675e-02
7.046966855286543319e-02
1.242440456120331022e-01
2.956193776605719678e-02
-1.194971547556612605e-02
3.490547896383707632e-02
6.831513092206009663e-02
8.181302519565168685e-02
4.985101699552204474e-02
-4.499926317697591771e-02
-2.853922743906799758e-02
8.521274001414487487e-02
1.089229929796763086e-01
1.746213592914325208e-01
-9.158235846014035897e-02
-3.043091556945589846e-03
4.553851445263927544e-02
-7.289178181545373503e-02
3.644250811267030210e-02
4.081622699830896733e-02
4.667435731778128011e-02
1.306303745150444728e-01
-2.441468068849371800e-02
7.979025667358682905e-02
-4.977898415255761072e-02
-7.145911413191097239e-02
3.485036207204738473e-02
9.187354425985007345e-02
1.705715982464829639e-01
1.282082991303925279e-01
-8.799505580211808287e-02
1.111442167981525203e-01
1.067742863880307841e-01
9.530313048649383112e-02
1.647516386622159823e-01
9.029528978303795472e-02
4.646448639378330386e-02
2.225794585989153418e-02
2.173277610875318927e-02
-1.228018677515800711e-01
-1.303971051140866699e-01
5.007200752018561157e-02
1.487155150377700297e-01
1.140650044514171652e-01
-1.734696552852355717e-02
2.189752768154626036e-02
-2.787104234137883357e-02
8.668560828054458836e-03
1.047088819397658938e-01
7.924577521177232631e-02
-5.776856151318122447e-03
7.895932803005022149e-02
1.199163720904230374e-02
4.071357638033077514e-02
-2.902900379912990228e-02
-6.985419204006366144e-03
-8.685320169685685487e-02
-4.638783199621087511e-02
-5.540264820130986166e-03
1.846605643064588020e-01
-8.972941387125495105e-02
-5.441998269166749627e-03
-1.411760066752636156e-01
1.031344629664399520e-01
3.577686856311589753e-02
1.465265791428899955e-01
-5.991113637939957104e-02
-4.285076136754172038e-02
-2.254824040164803492e-02
8.219766477522467973e-02
-3.062489842910220972e-02
-1.128355834742322400e-01
9.147185987099596891e-03
-2.678655283741089577e-02
5.608178978837853601e-02
-6.348059237144110245e-02
1.406317423892801677e-01
-5.206505340415622934e-02
-4.593095081173755034e-02
-8.658332104323773759e-02
-4.970490337716775009e-02
-1.123451167366341374e-01
-3.706003385042987847e-02
-7.043301177269835345e-02
1.288678462722753215e-01
-3.092350858615029729e-02
6.962971178473727207e-02
4.834686406429399008e-02
1.912201999025301552e-02
1.018657122519964764e-01
3.258289287998578088e-02
-1.712790271725642480e-02
-9.948367168264672655e-02
-5.260444581078219800e-02
6.935266919682832321e-02
-4.294993364495953980e-02
-1.891394928242696311e-02
9.199496893375219697e-02
-5.720594360200556561e-02
5.871797838338208009e-02
-3.891271888426947601e-02
1.117556659601877111e-01
6.086943472979563369e-02
-4.377333837559616025e-02
4.112750536426451609e-02
1.627609214118728304e-02
-1.317036141006371897e-01
4.811418282982221628e-02
-3.529955241985014477e-03
3.967188594750585551e-02
5.886298713518795661e-02
-1.247590000394836612e-01
-7.227339081376986038e-03
-1.088960944567024802e-01
4.757040196468871607e-02
-1.517319146917615359e-02
-2.167368278246271755e-03
1.228627789488158373e-01
-7.799563834404885099e-02
-2.252432949345853364e-02
1.879831992406544583e-01
-1.216995399436416186e-01
7.167109896071054143e-02
-3.158725165154482872e-02
9.221727212957721298e-02
1.275678321107962254e-01
1.101515313817347658e-01
1.326179990010558363e-01
4.272411073701051776e-02
-5.337779773580808573e-02
-1.831240026094282589e-02
6.841324511964241850e-02
-2.445921614686238921e-02
-9.052272252854805246e-02
9.982683983008755479e-02
1.383166925066930258e-02
1.360322402650734896e-02
2.289103206933972706e-02
-7.595352196641665110e-02
-7.213643188192618225e-03
-9.493836138120015367e-02
9.536839468579880186e-02
5.077034341193133182e-02
2.482293122975684843e-02
5.599683914638751980e-02
1.184901034370126754e-01
6.783037338973602060e-02
-3.997051114273279804e-02
4.317465886965831529e-02
1.224812621921081146e-01
5.096979760038127666e-02
7.460595013212372589e-03
-7.008584932814143631e-02
-6.228358661051355133e-02
-9.458755719349756785e-02
-1.513185551982664523e-01
-5.481386714741678240e-02
9.477447639699791704e-02
-8.860936420621612006e-03
-7.028130320147395194e-02
5.735216788230586976e-02
-3.652088862414603482e-02
-1.132964160478140137e-01
1.378406082756947204e-01
-3.859278727920778529e-02
-3.954204254137443086e-02
-4.798461888891396993e-02
1.459384571697908139e-01
6.058055146842693944e-02
3.288355661394632562e-02
8.945063276213141568e-02
2.544812551241337761e-02
-6.618284271685394293e-02
4.281558395864567407e-02
-5.814217367613757487e-02
4.005991714100289730e-02
-3.059111903949070232e-02
9.689282491951749232e-02
-2.567966264830640055e-02
-8.647736648759245248e-02
5.338111763180028446e-02
5.413255421511260768e-02
1.513458959324363862e-01
1.347519375676249805e-03
-1.775460212262181536e-01
-1.120339179317277473e-01
-5.019614839636961888e-03
1.300664934067272960e-01
6.416509205208505151e-02
-8.374754850721144450e-02
3.150194559683975205e-03
-1.434125048855600382e-01
-4.058193303609761854e-02
1.032871408591513190e-02
1.093011005076963485e-02
2.644244875964395919e-02
-2.280331976092967762e-03
-9.691901467493380107e-02
-1.584278146941137666e-01
1.556611747121454392e-03
3.135516154176340442e-02
-1.191415462152864424e-02
3.291223123030685010e-02
1.024124993593576588e-01
-3.353864097202559347e-02
-6.677048082481946978e-02
-7.598756657562291683e-02
-3.610874359980540543e-02
-4.998705288686264292e-02
-1.348508644621473733e-02
1.076429399483715688e-01
-2.036238875153598415e-01
1.175909380097855473e-03
-2.014106557892399521e-02
-1.321415971715989846e-01
9.612664324526497273e-02
4.542396621372309269e-03
3.434730721716506424e-02
-1.274174246071032579e-01
7.520715086316991094e-02
-9.051634458821322671e-02
-1.251217033800604284e-01
-1.535787457384878325e-02
2.932102750458524462e-02
-2.608381981104144695e-02
-4.058041611475052962e-02
-5.717009065723211055e-03
-2.984615872016486288e-02
-2.138856262363799266e-03
-2.648678950868633628e-02
-1.038857874467291088e-02
1.080223020830342606e-01
-8.237109227559263891e-02
7.557912499415344980e-04
2.835421855917485273e-02
-4.377370846142308869e-02
-1.160168182508979628e-01
-3.445699108520153264e-02
3.084058257762023469e-02
4.569582913131699925e-02
5.754668168299063857e-02
2.733843303887206755e-02
2.655237746250528261e-02
-9.215579768551382389e-02
-1.277877348146419512e-01
-3.252818970246222630e-02
-7.650131350947319935e-03
6.654831170523481561e-03
-5.881627595193916758e-02
-6.821000778449416713e-03
9.206364698171548566e-02
-9.835161431720152933e-03
-5.726388280091639083e-02
5.206994242564409042e-02
-7.998389849578761701e-02
-8.174459912661354022e-02
1.967232297644868830e-02
8.991800054466494996e-02
4.647201879929009627e-02
5.392786995088936358e-02
-6.084998078236920904e-02
-9.783475101590938250e-02
-8.076278375704998291e-02
5.637429073546801339e-02
-1.572263577061302209e-01
2.263546544245642611e-02
5.236535409997234575e-02
-1.437468771168788906e-01
-8.125532908457028247e-02
3.913854227313477534e-03
2.995307794275706148e-02
-2.057046964456783408e-02
-3.890769624283889339e-02
6.940229883857391979e-02
-1.831186663860918593e-02
-7.124243356893017465e-02
1.917337122912368130e-01
-3.094324084534507644e-05
-9.728790518911555052e-02
9.769672033836802882e-02
-7.643163932071268818e-02
9.676753204022441046e-02
-3.170291677412977183e-02
1.818417689027145359e-02
2.411925501942704594e-02
3.575642039167779840e-02
6.275690634187197116e-03
-4.660603701461642212e-02
3.016022900103826690e-02
4.789976865987685684e-02
7.704284785342677133e-02
-9.265112560943317144e-02
-7.390590841199544403e-02
-9.642480038114079055e-02
-3.733205425562094448e-02
-9.253974073037146697e-02
3.195951813249411910e-02
-3.443641841160530875e-02
-8.230900463103706099e-02
3.315114222115771864e-02
-5.268710632224842590e-04
8.873197715764055693e-02
1.087163133797406367e-01
-3.485552081081277898e-02
-7.296305662580915286e-02
-3.028986795303317131e-02
3.876038626720732655e-02
-4.312278795934804121e-02
-8.646723744369458342e-02
-1.456715345929837924e-01
5.795331191706838692e-02
6.367829592310295106e-02
-2.305040718812771325e-02
-4.569866115150502534e-02
5.514913902993304196e-02
-8.695223752331406042e-02
9.643409056241274147e-03
8.648098203148972540e-02
-6.764458343316781530e-02
8.924138232036531171e-02
1.618102138621861641e-02
-4.116538109054150574e-02
2.303779636282868304e-02
-1.387906124614670667e-01
-9.690511987511980785e-02
9.190211559256036833e-02
1.375314808487214657e-01
-7.492926069021453583e-02
7.157735405097376269e-02
5.448291201808276585e-02
-2.972532321151270026e-03
-9.627692941699747889e-03
1.136086457096562169e-01
-6.256109240141270733e-03
-2.467407428629359370e-02
-8.792452257886232414e-02
1.867210782850798820e-02
-2.344836137661255454e-02
7.263384175964837652e-02
-6.116635294149649904e-02
9.135735866726378551e-02
9.056494744688818599e-02
2.694603196015407306e-02
8.411054409955587285e-02
1.699487088774321447e-02
-4.291374068720334861e-02
-6.195220844415805922e-02
6.669731514941538986e-02
4.406137691708605919e-02
-1.196966228171401220e-01
-1.084912849769746335e-01
1.729918369186338456e-01
-1.031263188626198486e-02
2.847393751482952401e-02
6.908541248426121328e-02
-2.476025727910587115e-02
1.031858057253435580e-03
-3.648812439438212096e-02
9.050352862982273539e-02
1.064133880851726548e-02
-1.553485464887907619e-01
-5.355735770148283698e-02
-4.839023035302245090e-02
-4.845119432083518085e-02
-6.032297016801733448e-03
-1.944432011204687630e-02
8.214930078626710153e-02
-1.035979042506492698e-01
6.162916375785672946e-02
-1.572068175843158444e-01
4.334625929827704699e-02
4.778226088203831740e-02
9.612798301868803047e-03
4.587669597477054412e-02
-1.730053489332309194e-02
-7.688431379090245044e-02
5.075055065995399267e-02
-6.383878515672083975e-02
7.487577382599078235e-02
-1.366043673281146509e-01
1.874426793957953072e-02
9.759814895715968053e-02
9.020174312981638076e-02
4.350531861926390520e-02
-1.027340781701692463e-01
-4.606310015214513248e-02
-1.051220979575998860e-01
-9.822509799986660350e-02
1.537892144691722363e-01
9.701978899482015251e-02
-4.322434735694919566e-02
-5.572429024393709546e-02
-5.092787326408328152e-02
-8.957372193307402974e-02
-4.554527624676703995e-02
-3.305408632986530509e-02
1.065977380060440655e-02
-7.526157445317237238e-02
-1.083882903899252709e-01
1.739921047607976556e-01
-9.167962770109481380e-03
9.625648508260190028e-02
-4.992989508698203460e-02
5.926317302449555374e-02
-9.228143131576951874e-02
8.307010426038748119e-02
3.677378589472075215e-02
-2.160738628761587829e-02
-1.206580397060569021e-01
1.731112139720561716e-01
-6.256920208905766834e-02
3.410254758543434378e-02
7.241122965567529587e-03
-8.100527093525741740e-02
1.167761697587606576e-02
-2.239312277380799132e-02
-1.668626214072100114e-02
-2.155354309987271479e-03
-4.102714018227929249e-02
7.888061108088044449e-02
1.366675650725971726e-02
-5.294394894819754588e-02
4.601097691488708480e-03
8.606081953537784990e-02
3.620668147502173473e-02
7.062734813618254393e-02
2.551693301963688792e-02
8.849575499475979823e-02
-3.408935806226540827e-02
3.029376373682676413e-02
7.302315328751790569e-02
4.368934251371073274e-02
8.547711470483464191e-02
2.458008182466774397e-02
1.236291431674954033e-01
-6.655328680045423384e-02
8.776335524086743833e-02
1.641575748147611896e-02
-3.400688253914843640e-02
9.709046151389663648e-02
9.418071666958847954e-02
1.147778702061826306e-01
-6.939763427246167793e-02
-6.843608887121258033e-02
-2.417144055248434190e-02
3.664076103697588849e-02
9.251786308954977611e-02
9.296530323766265258e-02
-6.523679796329198699e-02
-1.253715954443641589e-01
-6.842997104965883870e-02
1.014188002678022976e-01
6.156383098455636520e-03
-2.415760087557132854e-02
5.223847633846812749e-02
7.172256630964516863e-03
-1.415409391970685708e-02
1.566425589917124286e-02
-8.517734118912813346e-02
-1.275495912757309558e-01
-3.907583032782555379e-03
-8.915592542303329981e-02
6.048301397447659877e-02
-3.709289671162802060e-02
8.753524789927047411e-02
-4.237498391871104275e-02
1.651394419509248125e-03
9.275923285236269134e-02
1.064677068561885181e-01
-9.186558389874373287e-02
-9.370583555889125393e-02
2.288123573203820760e-02
-1.219253504796907576e-02
-7.158161991083811238e-02
-2.503850670557285565e-02
-6.291416567542466864e-02
5.907189118321424376e-02
-4.253790802220503049e-03
2.023978359190577170e-02
2.440461234860560533e-02
-4.845076238736538594e-03
9.674454630708927139e-02
1.771375433945776914e-02
1.117049718308016082e-01
1.322043366201341441e-01
4.104818792428467644e-02
-1.754623533314295103e-01
1.623199677104189553e-02
3.516897373588390163e-02
-3.697520022256087224e-02
-7.662408440069384818e-02
-2.444130811955113475e-02
-2.334948379303738997e-02
