1.176987560004406352e-01
7.784868784458344459e-02
1.108617864976076985e-02
-8.257883235230027708e-02
9.212455120259040176e-02
3.605609266375806032e-02
-4.586274808059588592e-02
7.888200304420245335e-02
1.096479402974112338e-01
-1.093498517093515095e-02
-6.468796461598264047e-02
6.232650996194257637e-02
1.530345798519367091e-02
4.986698060004379762e-02
4.778360361040288190e-02
5.909224468427599214e-02
5.143456057716555563e-02
3.955277679338422420e-02
-9.424228822282144924e-02
9.882746018816034039e-02
-1.389985481673903234e-01
-9.145918302179031900e-02
5.689685482273622828e-03
-1.428834639161787323e-01
-1.540606071512717196e-02
-7.868452666744088497e-02
2.094403233583604779e-02
7.796536245241210417e-02
-9.626848613935461152e-02
-4.950006496223051389e-02
-5.199081216641190245e-02
3.106068723368621623e-02
-3.895072972317579346e-02
2.765438926935168129e-02
-2.387249321574867744e-02
7.813016769065278533e-02
-1.588849116119499597e-02
-2.249301997339739692e-02
1.234009502308875822e-01
-2.180389202991318831e-02
1.153189477261464813e-01
3.515861263823231997e-02
-5.011669375027655998e-02
-1.244354376220581718e-02
2.843906392430886609e-03
7.527449279089387657e-02
6.535989768509410918e-04
1.152312004351083996e-01
-4.954512309743541731e-02
-5.091889750919589147e-03
7.482349020496052716e-02
9.077143009653294847e-03
-7.282466695708506021e-02
-8.215057910181132461e-02
9.972689858579425470e-02
-4.606362102153594568e-02
-9.312575662909160223e-02
4.809926300802262050e-02
-1.990159631135193785e-02
6.638853843556201395e-02
-1.061319948304085270e-01
9.894581787295561592e-02
5.813679855615324493e-02
-1.594970873108406684e-01
7.465580399290135116e-02
3.820428854949039360e-02
-8.510989220634224486e-03
-6.068755334942704111e-02
-6.268264256553948699e-02
-1.385089083245357941e-02
-1.318427114713837389e-01
4.788795237211300460e-02
-4.611051201358339763e-02
-6.488299940121401710e-02
9.840503691429598743e-02
-2.301368882408502403e-01
2.090428698112701059e-02
-1.001480616062454211e-03
-5.039050650284726540e-02
1.884978581951256005e-01
-4.971621328311778831e-02
-7.807131261644123521e-02
1.037286736595289943e-01
-1.577449547574317698e-02
-3.493641583081991131e-02
-5.798039946879406797e-02
7.748165395153158719e-02
-5.927368210831267248e-02
-6.687537554737824075e-02
-8.336491554902375478e-02
-7.051121487629267992e-02
3.858262522855897964e-02
2.243319184843014027e-02
5.689673958766076206e-02
-1.517186166135196107e-02
-3.807896989068418336e-02
-7.775671668716341300e-02
-4.441889899169977618e-02
-3.069169250501653859e-02
9.081727416591114932e-02
-3.992315438923494525e-02
-4.594045872974847344e-02
1.239514570472457534e-02
-1.720962635483207909e-02
4.372153093763188011e-04
7.740781307183929039e-02
5.526228173269356198e-02
-3.701220584544413772e-02
3.161145015723591800e-02
-6.401047429615858153e-02
-6.933034468387440363e-02
-3.215980382995605596e-02
1.130804997029080383e-01
-5.336542714637297624e-02
7.359586760494035707e-02
-1.329615366144535071e-01
4.488853922543513397e-02
-7.396832637327188653e-02
-2.205135930108242590e-03
-3.211021331819705754e-02
-8.656434514870980923e-02
-8.237878808719642509e-02
-1.108361345343100990e-01
-4.571492668210277999e-02
-5.538646575694895768e-02
-8.458762575501796444e-02
-3.333181129270742366e-02
3.284922009753187856e-03
1.713216922130988418e-01
-5.011058779063675556e-02
7.450982253073377970e-02
-3.727086371005931126e-02
4.186412128788999376e-02
-1.035636854642430632e-02
-3.331044325214253116e-02
-2.677823073433514139e-02
-2.333581157881478574e-02
-3.293908800035640072e-02
-7.499503312782443420e-03
-4.987226411967721207e-02
1.973351714615546870e-02
-5.226174602514953998e-02
-7.349186004564257912e-02
1.408033381814941531e-01
-1.002694329815456004e-01
-4.247151319675302079e-03
-1.453950652138362443e-02
-1.938894185423247320e-03
-1.604901259359370336e-02
8.243696865410479746e-02
-3.543014766097550561e-02
-3.522216940061901475e-02
-3.999641066384707067e-02
-5.946213176759799351e-02
-1.088563077328190548e-01
-8.820882573419383532e-02
-6.782509233627424805e-02
-4.443062285132536732e-02
-6.430566559260016135e-02
-1.492102076762750335e-02
-5.709058595008842385e-02
3.512462732207487920e-02
-4.165717801097640338e-02
5.089803368693182617e-02
1.912419445315861194e-02
5.929911805577434830e-02
-7.814925869852414400e-03
-1.198921054112570550e-01
-3.054653974422551557e-02
-1.529583713920766065e-02
5.643949130487578569e-02
9.616858540407344225e-02
3.787842741676016728e-02
4.223841224607052802e-02
3.657268617441618991e-02
8.496018959770345810e-03
-4.512331439394798999e-02
-2.358504308348119763e-02
-3.641107035916722745e-02
-1.369741816251819795e-02
-8.041840829255316944e-03
5.729265534208809185e-02
2.160532168734336997e-02
-2.174826418686904433e-02
-7.964526611613238771e-02
1.690341909641579765e-01
-1.220761526205501324e-01
-1.973762775691652316e-02
1.572475285615283422e-03
8.084826850728969727e-02
9.083536546221553792e-03
-1.476236274054618276e-02
-3.456981171428308297e-02
2.662259806001673890e-02
1.432333087373582892e-02
-4.522757704390859695e-02
-8.225852488556162356e-02
5.478262662953429368e-02
9.308231957460472161e-02
5.073590830892790726e-02
-3.583105800480694807e-03
5.333248218274230790e-02
-1.045367152879289885e-01
1.388373763443984110e-01
1.109523915900942348e-02
-1.381857003557956376e-01
4.311955908508084863e-03
5.593050740001975080e-02
5.750193249729097789e-02
-1.266553007658017538e-01
6.463363846057275375e-02
1.042319219729348351e-01
7.920156623324800874e-03
1.217732642866729553e-01
1.006020203362468918e-01
9.612217431124123537e-03
1.355102959483109049e-01
-3.030256783145553190e-02
2.769755347732570649e-02
-1.788654601416618528e-02
1.832959896314596132e-02
-3.575424653776929779e-02
6.394402085634481869e-02
3.676295009510237993e-02
1.041319062323575462e-01
-8.812302345321694486e-02
-5.187131089139243589e-02
-1.941896562829001915e-01
-1.314640939888568096e-02
6.194648006301543830e-02
-3.205736920473038765e-02
-4.750971863035178405e-02
-1.063652694666947923e-02
5.345927774173233477e-02
1.836323198314611382e-02
-5.701327276085987883e-02
-1.347639798593322502e-02
8.997500471694226676e-02
7.249281001867970142e-02
1.116143180065903850e-01
1.561605621299092840e-02
-3.947221797255901637e-02
1.245219155366322633e-01
9.548240242724946635e-04
1.762727365520382408e-02
-1.576990344765587596e-02
5.715573221553771344e-02
-6.493564478681362884e-02
-1.163575336583204736e-02
-4.123727030211681022e-03
-3.633276824990031018e-02
3.308793984196439775e-02
1.144397407295858447e-02
1.333953564001292003e-01
3.376885440523643648e-03
-6.271091182752870641e-02
4.527459054554464762e-02
-3.607026492791794506e-03
1.276325555507993037e-01
-2.258782718482519811e-02
-6.004796454491712759e-02
1.711149538315993521e-02
-5.405331477445333987e-02
-3.036706697679139935e-02
-9.605968174194956521e-03
4.030227570895851541e-02
2.604323201169677846e-02
-4.372617113811062828e-02
1.225075451887479641e-02
-7.822800761260766123e-02
1.170204596162177507e-01
3.935173720611231940e-02
-2.294418006066595642e-02
2.613190984247800580e-02
-9.066877503721947062e-03
-1.362514068775107223e-02
-1.276150071773438366e-01
-3.487210497879015929e-03
-8.967419285989300382e-02
-5.176983234642325293e-02
1.106788406635837198e-02
9.349021284046752159e-03
-4.700516751451174684e-04
-5.533767933638862602e-02
3.626481648054380533e-03
-2.230347963587934849e-03
-6.803060230986241949e-03
3.024560392299716766e-02
-4.367802165644982249e-02
7.853288202122241102e-02
-1.738014097781190870e-01
2.463124330600028472e-02
-7.415491696214106948e-03
3.826090155576147844e-02
-5.647973910076257986e-02
4.586295007353639180e-03
3.971007305801284304e-02
1.378655214979242483e-01
4.345085494627754646e-02
-9.528924025539771414e-02
-1.153461776137597317e-01
1.363086780456658764e-01
-5.610367865429904954e-02
1.129086492247830947e-01
5.794221148689300549e-02
5.818492098344507646e-02
6.381690661631138350e-02
1.593010797252623068e-01
-5.473216760422668081e-02
1.131503950803239289e-01
-5.286604701732428718e-02
-5.077001234613127273e-02
-1.249229216787833552e-01
9.354661978496402186e-02
-2.340721132360127493e-02
1.120897329190540942e-01
-1.630062327649903914e-02
-7.321614925335093171e-02
1.275300669616810829e-02
-1.731950774842686697e-02
1.919272273153889430e-02
5.404325005654138370e-02
-3.011667741589100361e-02
3.412937122168292065e-02
1.831757828804127936e-02
3.607294863132168988e-02
-1.268292769288143218e-01
3.841234387753439394e-02
-1.131999135032840838e-02
-1.067289753350414566e-01
7.095810722900813827e-02
7.379154915083140955e-03
-3.657145837936533889e-02
2.773232280259835605e-02
3.613073929303211446e-02
-1.964908735341885926e-02
-1.396279729776361313e-02
3.713575722460376455e-02
4.474745526875695961e-02
-1.283379947102426810e-01
9.228406523958324406e-03
-1.228133500485324020e-01
1.540527455792354561e-01
1.755198501728047131e-02
-1.202412081609573885e-02
6.297574812347626894e-02
1.586572343763047177e-02
-6.299321589560236655e-03
3.815005309835617885e-03
7.416035316978884795e-02
7.066366526867573494e-02
-1.043819988103647511e-02
1.576509442870465544e-02
1.930796347185651310e-02
-1.742203240636703426e-02
4.772366357312988333e-02
-8.464174772981998551e-02
8.631251014804100508e-02
-1.354318669838841804e-01
6.160545568604424566e-02
1.311048137438092787e-01
-8.155253936154339706e-04
8.409466375218107442e-03
2.234787354674341586e-01
-7.863404874170218384e-02
2.189042759817532921e-02
1.536142136844865363e-02
1.006632482152598346e-01
1.344137745458245103e-01
2.441292264460201422e-02
7.688925530998962088e-02
-4.895288213117484494e-02
7.607152055787682471e-03
-1.372477690643038838e-02
9.844690997099155017e-02
-1.060106218064538475e-01
2.114858961817930264e-03
-2.330910293160470478e-02
-4.655841632634272198e-02
-7.437835180565405269e-02
7.866515971211122948e-02
1.880043790498165876e-02
2.036882060832312727e-02
2.478376164338055767e-03
-1.868899194620301379e-02
-1.312183322786522055e-01
-8.627745204104453336e-02
1.110024928398527372e-01
3.540140050080790857e-02
-4.454017173301291765e-02
-4.974030064481639590e-02
-2.405701981473914834e-03
4.279032443870225966e-02
-3.079611283522739121e-02
-8.557521225328605652e-02
1.083413698056373900e-02
-6.150265886537204657e-02
1.639199024571472499e-02
-2.178913287480168520e-02
-6.300660173892107252e-02
1.047251043230316425e-01
1.170656803729947654e-01
-1.238734927804619086e-02
7.691446481988305217e-02
-8.043137898908656047e-02
-2.032178286377931201e-02
-1.332152834601614266e-01
-1.204438971813581033e-02
1.146302685377320885e-01
-2.682012950009930383e-02
1.179981627049933035e-01
-9.951326149116737629e-02
-1.608384913614338205e-02
-2.256003847074565527e-02
1.017178825349633470e-01
-3.552311273858981683e-02
5.233082256053848275e-02
-1.128129046060937640e-01
-3.191052487663596088e-02
1.089968218670296363e-01
3.391748684693753763e-02
4.365702258989465068e-02
-8.334211721435851039e-02
8.069441182219719289e-02
-1.740526430338294240e-04
6.535388293413144957e-03
1.464371687222957574e-01
3.903888335012047073e-02
6.191029208797658306e-02
-3.581714882555951662e-02
-3.159153839823225507e-02
-3.852603181408986027e-02
7.765253518886643114e-02
1.060977196456904942e-01
-2.997688036043253540e-02
9.185356385439195914e-02
-4.671114173935681652e-02
-1.191908780778047905e-01
3.078218516570081081e-02
6.074524143106000557e-02
-2.003840215388368734e-02
1.046819845516589048e-01
-1.322260729003569835e-01
-6.405989635712040775e-02
1.369526317034603334e-02
-4.704476960935907726e-02
-5.963250371061269706e-02
1.425645365642617401e-01
-1.272082612964938741e-01
1.053672945755979549e-02
-3.413800083561145671e-02
-1.026082345216883934e-01
1.467541688090630639e-02
8.985693116079575271e-02
-6.007936250642007675e-02
-1.777758258658005200e-02
-6.482417889968009744e-03
-2.167581205993231869e-02
-3.548510846335838076e-02
-8.530714635763943232e-03
3.546158974491585292e-02
-6.509674666529313702e-02
5.624841290286738266e-02
-1.312407603099216731e-02
-1.203444935250288228e-01
-5.001434003463879271e-03
1.131711472887628883e-01
1.499429346733838556e-02
1.424611989089975654e-02
-4.452100176025595990e-02
2.996241728750026825e-02
-5.666539496271810750e-02
-3.003069732374859246e-02
-6.436167260385242117e-02
-3.448547848780018216e-02
-6.815004504357968784e-02
1.064683458320360987e-01
-8.190909389397192653e-02
-1.724769138076072406e-02
5.448537105543854731e-02
-3.924179778396359036e-02
1.769368314199651904e-01
8.869456364980586593e-02
2.588654950938174253e-03
-9.061407921239134078e-02
-2.515784059452976038e-03
1.359931114770671357e-01
1.955881250077806319e-02
-7.724894943205797004e-02
4.272318352708846106e-02
-1.471947269885219844e-01
-7.088979449123558596e-02
2.501914327570521970e-02
1.154213672559594173e-01
6.656625762807927282e-02
4.628199733278912792e-03
3.071225725892632458e-02
