-1.114262245851855015e-01
-4.983440998300345259e-02
5.688888602332154570e-02
-6.548060658307036652e-02
2.927899913180954938e-02
1.289558890081767169e-02
-2.390554578816317041e-02
-1.067348889130862039e-01
-9.213349986387664448e-02
-7.527700965927355825e-02
8.743299314389328669e-02
8.693813564196424537e-02
1.620907341611692309e-02
6.600406597096934724e-02
6.093693958261251625e-02
1.629177417895353586e-01
-5.713877581122778909e-02
-1.073729483579579369e-01
9.991122252152223604e-02
1.107774993988659834e-01
-1.531233245006051735e-01
-5.261802221739273616e-02
-2.551374233767759320e-02
-1.586931508023164267e-02
-7.565777293226005895e-02
1.221705195665215987e-01
5.804407677362583007e-02
-3.603784401529438672e-03
1.182395123401135985e-02
5.868663016334751265e-02
-4.076408162224754578e-02
-3.531699973079942267e-02
1.126233530138896904e-01
-9.548771651900252178e-02
-2.134830093718045885e-02
7.513263793851387984e-02
-2.511411308955487087e-02
-3.321358424299387935e-02
1.744311416821124963e-02
9.734376916075487829e-02
1.018255582492418911e-02
-5.015291995998159141e-02
-4.302845896905416884e-02
6.166543168164364402e-02
-5.728398865067839407e-02
-3.723132858039170101e-02
-4.420643252554511821e-02
5.009401214751386076e-03
-2.997326006492751285e-02
-5.161234929840988715e-03
3.507190763242826193e-02
-4.429309128374604720e-02
-1.314895769942919235e-01
1.092321255732483197e-02
1.237717841144321367e-02
-5.794621259592366153e-02
-3.203193154410131395e-03
7.340005406842119162e-02
-3.400858427572413939e-02
-5.930429901477032861e-02
-6.072908437303428837e-03
6.258799227893585733e-03
-7.319873149414904412e-02
5.249498283779901325e-02
-1.660308011675731875e-03
-9.080072316788559417e-02
-1.225262293714289054e-02
1.542583463807713218e-02
2.157944488413489348e-02
-6.156348076789638912e-02
2.279110058595804761e-02
1.570757534733972435e-02
1.260350455189040292e-02
6.464356863417111687e-02
6.915782652468889513e-02
4.660093657123492994e-02
-9.221837815589391252e-03
6.948563937094509591e-02
-9.082685502581498704e-02
-6.815212211087706695e-02
-1.572274156283275104e-01
1.154383343749039448e-01
-5.082220524440043269e-02
-8.130282548718616165e-02
-1.264220902388598911e-01
-7.796308943843051342e-02
3.202458052476060690e-02
1.087340271296902278e-01
-6.091959154592459236e-02
-4.920085779647178498e-02
5.892816199151817286e-02
-1.104908022139385326e-01
2.360137177670003014e-02
7.742186321674814076e-02
-1.343265467489385134e-01
2.588347343283471918e-03
5.247910363844081327e-03
-2.157021871976002106e-02
2.190784759180041188e-02
-1.419748206350522624e-01
-2.392360601446854099e-02
4.073874896584527006e-02
-7.611763835538037926e-02
1.509315094436863500e-02
9.100689173338868954e-02
-5.384022193489310104e-03
-3.633235900196743473e-02
1.079107031974065219e-02
-2.394146269667729240e-02
-5.775466211335532341e-02
-6.095456822499988742e-02
2.920654325708094134e-02
1.715486346566958420e-01
4.128548263378672284e-02
-6.455125213329671041e-02
3.276503605696781674e-02
1.133823088645627558e-01
2.328161101350715440e-02
-9.269095505799980483e-02
8.205085792735294925e-02
1.121366600357203286e-01
3.956664678811491059e-02
3.986713787418038474e-02
2.034667928787876612e-01
9.487281946055410586e-02
-2.212761751108970401e-02
-3.791818912584223739e-02
8.731387918923311231e-02
5.550819112778998532e-02
8.115935816811015169e-02
1.551237244172467000e-01
9.356455430638620230e-02
-9.460970678452396143e-02
-1.384634101225380165e-01
2.384318673748360429e-02
-1.666339598367677366e-01
-3.565725150883863187e-02
-7.997781757453066576e-02
1.130990488189551890e-01
4.059082142380437963e-02
2.486163723534193584e-02
-7.028899891260013619e-03
-1.348610796871954898e-01
-8.372816349178133222e-02
1.058318560202987646e-01
3.763940824883905967e-02
1.211228194221876248e-01
6.703612554454495276e-02
-5.925498244549818466e-02
9.708768474228698930e-02
-8.803874012607602884e-02
4.261369547474511826e-02
5.782035918128106827e-02
7.392475293458887486e-02
-9.494316026167952394e-02
-7.205604807985549476e-02
3.992027274394101960e-02
-2.149652657819651688e-02
4.752675423108274066e-02
1.980731163692510833e-03
-3.810975938118781742e-02
1.751859905706186493e-02
-2.337141656379834037e-02
1.942342131346397327e-02
-7.739874292163165248e-02
1.247687878958578939e-01
-5.104870624577070859e-02
-2.463202157935078657e-02
-2.665062915282078587e-02
1.071441613501387113e-01
-1.251013645374575156e-01
1.186674507595163464e-01
-7.159536927857906852e-02
-1.060426046735319094e-01
8.101168526927628177e-02
1.484586114388574407e-01
1.129474444237330844e-01
2.345817819070218808e-03
8.610192410174438704e-02
9.348851821257095351e-02
6.350078785946994264e-02
7.504403545961660371e-02
6.993351303248133977e-02
1.405547782459630746e-01
-3.924464490593839762e-03
-1.907121649494809834e-03
6.635100761812541548e-02
-5.205953891222602371e-04
-3.630086801125112506e-02
-3.076540768123460501e-02
-3.292138317216048576e-02
6.158152750876522141e-02
7.350346115605878305e-02
1.280659252780738944e-01
-1.235478194621287551e-01
-7.903093350868299616e-02
-4.341109256075016687e-02
-4.284406750441914491e-02
6.056891776425234186e-02
-1.055806429177175570e-01
-3.199533620469580814e-02
-3.363470892113441194e-03
6.678910454385385276e-02
3.944958740782570500e-02
2.406972792617946902e-02
3.690758390249326837e-02
1.214398766874155711e-01
-3.593192401131311414e-02
-3.758548271479955627e-02
5.462335249462637460e-02
-2.906582483109199436e-02
-6.126724881907891218e-02
-1.070609053102531683e-01
-1.037532420685017415e-01
1.051254153377726708e-01
-4.409704093610984643e-02
4.017919117584405758e-02
3.188328579406402019e-02
7.032646101628728386e-02
4.573474551070152300e-02
4.995597345859156130e-02
-6.414317841613234594e-02
2.830299476694973088e-02
4.590383635732084300e-02
-3.110567131977790348e-02
9.135093294671171871e-02
-3.698422499604798325e-03
-8.754740454575622374e-03
2.634643241137319195e-02
7.879341538232095821e-02
-3.657861941611618289e-02
4.755554039357294538e-02
-3.698527124958572027e-02
-8.867816875630372964e-02
2.448190651694371472e-03
-2.326500500219899625e-02
1.012149324154111574e-02
5.670990228686393492e-03
5.558576164735812286e-02
-1.396282479727411693e-02
-2.806951631373809028e-02
-4.168225970961040444e-02
-7.179290231466946282e-02
2.266072022166099043e-02
3.799110250590800875e-02
-6.777496072854258258e-02
8.863715396027362081e-02
1.443683816230210623e-02
8.235818522749077317e-03
-6.315121059879796883e-02
6.268590144153265986e-02
2.640940698529739561e-02
8.544023293217696546e-02
-3.004972488256226273e-02
-1.167841461069385293e-02
-9.941943007423933998e-02
6.746022313856016306e-02
2.113572388581388614e-02
-1.184487750379644710e-01
8.697026698723044763e-03
-1.901241257948502184e-02
8.247100539660426636e-04
7.836274098141385314e-02
-1.333141869498602645e-02
3.063510941348078498e-02
7.048078038200971188e-03
-9.789156921864836103e-02
-1.654202184483564639e-02
3.371036422715452396e-02
-5.203501433650040836e-02
-9.083736963257142910e-04
-1.956875319814544573e-02
7.500674442988332358e-02
-7.228962326351309926e-03
-5.972240042964682000e-02
-6.515235520974917149e-02
1.103232803566056158e-01
-6.400820718097290606e-03
7.635060968988655050e-02
5.112954580369829388e-02
8.073324163364219153e-02
-1.019297281459259907e-01
1.317688747807651273e-01
-9.850155884364102110e-03
7.857993044121480697e-02
6.581576597742427870e-02
-3.808844393385305005e-02
1.573606605925707835e-02
1.326729779322225258e-03
-3.124104763399417409e-02
1.912885227324079979e-02
-5.089432696150066743e-02
-2.248887594690824124e-02
8.240273336420290973e-02
-2.050659088370271055e-01
-8.983865409897255627e-03
-3.132692572641258919e-03
-5.322583810910574975e-02
-3.928625419849914036e-02
1.698004150636582554e-03
3.961164919316781212e-03
7.603083543555776147e-02
-6.011344304845693456e-04
-7.801204605443198999e-03
9.026518136523356550e-02
6.921380809563383585e-02
2.233011570911574289e-02
-1.013130645562997437e-02
1.838746573264669545e-02
1.619005214229882281e-03
4.635807513091220154e-03
6.679980869829124646e-02
3.495263494794505904e-02
3.984016006857436093e-02
2.196474272359374286e-02
1.300974321555488089e-01
7.892315342119121668e-02
8.276992235037939141e-03
1.879028430315899875e-02
1.587826599642456482e-01
1.666564792520844329e-01
-2.593063792770820483e-02
-1.965826103657054846e-02
-1.045839534138370830e-01
9.524900270682241932e-02
3.809656753260211998e-02
-4.160511325651046477e-02
5.828779869941735914e-02
5.512386580236048467e-02
-5.775258635849913474e-02
-3.803558999189413092e-02
-1.058780871094011367e-01
-3.407515574193009655e-02
-1.474716004365656252e-01
-8.217265860333917895e-04
1.057115816112036977e-01
-1.077419550929957504e-01
-4.848066554415687845e-02
-9.780987901176721455e-02
-6.569330295356590188e-02
5.165077709101648790e-02
1.138272124003362196e-01
8.285358857541647026e-02
-1.606392202545598169e-01
-5.206766425896307976e-02
-1.410823680192296870e-01
3.073338121398064629e-02
1.822555702467820379e-02
8.777994737998343067e-02
-1.532738450214845560e-01
-5.479006852509651221e-02
-4.111842602236777389e-02
-7.208625319013266947e-03
-1.359313369811498695e-01
6.736432358774124829e-02
1.596584543183565685e-02
7.242683121918985084e-03
4.705252548413030311e-02
-7.227247147030392213e-03
-3.571413633990897646e-02
-1.052981632952251362e-01
-2.909838954104342502e-03
-6.555096669857518599e-02
-2.630550897423720308e-02
-6.483233874970278660e-04
7.122373609261352378e-02
-4.247312979451584036e-02
-1.148699485344470070e-02
-8.941712938634632140e-04
1.369248566135624068e-01
4.725443139008878024e-02
1.494410300020287408e-01
-1.740348631843652294e-01
7.071782384311399439e-02
-1.053195379751739255e-02
8.714420974720202273e-02
3.738370425914515349e-02
-1.122205503140415866e-02
-7.550465970893976975e-02
4.837938639511858707e-02
-3.863956059522211800e-02
4.545670807616786213e-02
-2.833802941838170671e-03
-8.403087134280876058e-02
1.725656652893473308e-01
-1.335746946595460227e-01
8.538670101036120730e-02
4.527590162877898755e-02
-7.173333520325426982e-02
-9.306231295577509222e-02
1.132937000562975194e-01
8.232665059272095687e-02
-8.314441721909418548e-02
-1.146885605027003902e-01
2.535312563040582196e-02
-9.618101937663442111e-03
-3.722260275017943293e-02
5.069260600312019971e-02
-1.224751184639322060e-01
1.420350297510978022e-01
5.322722891521091543e-02
-6.590031451314436184e-02
-5.128516935685408645e-02
-2.970522165192799810e-02
7.793761369134266648e-02
-9.066675826416058237e-02
2.882103696286046190e-03
-2.059595781883571952e-02
2.327695594848521246e-02
5.270802235969910404e-02
-5.177378248475850153e-02
1.936204705115969482e-01
-1.267221201276828024e-01
2.641486846393602608e-02
4.357764181300251803e-03
7.874719657855694388e-02
1.039940334597965477e-01
-1.247710307776064495e-02
-8.387506906325353784e-02
-8.557603715794574739e-02
4.374015394302166460e-02
-1.070106628787942799e-01
4.172938757186347991e-02
-1.497921011204014080e-02
-4.783139377568401684e-02
-2.527420120723770230e-03
1.128614127007208923e-01
-1.076266584838048296e-01
1.521204948205702803e-02
-8.837875538178482926e-03
1.554188278310733584e-01
-3.083063096548794429e-02
-1.184863132666708063e-01
7.304286428569203848e-02
-6.095223055357389813e-02
-2.494126518034009421e-02
8.939340930299519150e-02
7.313581948121007648e-02
1.884525302867977835e-03
3.293316599353048046e-02
-1.232239864227194226e-01
2.795916869293810572e-02
1.698670981014926418e-01
2.312703918798030348e-02
7.421976320846775110e-02
-4.714110734069703462e-02
-1.262447844989164347e-01
-3.073922915072853368e-02
-5.239654724620964460e-02
-6.623676445770694532e-02
-1.313824554682281598e-01
8.352540374374183008e-02
3.425601171597286027e-02
3.600282846215832611e-02
3.892682257708620676e-03
-1.093828997804646569e-01
1.921558782463948442e-02
1.340791311804900160e-02
-4.034269663948826523e-02
-1.734105431705377717e-02
-4.546621358612789460e-03
5.734752440142518864e-02
6.453490396444981625e-02
-4.595965322930094937e-02
-1.956045312577432138e-01
3.524834237956577746e-03
1.612038659266241125e-01
9.194032893020226763e-03
-1.248008793001811612e-01
-7.238317991603741841e-02
2.387570724334790034e-02
7.318188492826982125e-03
9.718174394828696383e-02
4.717416467039495936e-02
1.719786618303887141e-02
-6.577488207482523608e-02
4.001200639327655295e-02
-1.498322414777548961e-01
-8.349494218309388982e-02
-9.911183608118847438e-04
-1.272478930527360941e-01
-1.162921232644773400e-01
-3.550887832326518612e-02
4.292321152434920573e-02
-1.187029081157744970e-02
-5.851652223447653331e-03
-8.012702190144528613e-02
9.062495355510301331e-02
5.204935517342619555e-02
8.908338210973143489e-02
1.174571896665702192e-01
-4.309116582981029064e-02
8.866362994854422308e-02
6.165340094554204800e-03
4.058437989236733656e-02
-7.542123101358434722e-02
2.445074217992532911e-02
-5.613681447993234402e-02
