1.168642582182986139e-01
7.818802596257494464e-03
7.798101158545799050e-02
-2.685634270418209638e-02
2.614807827530390288e-02
-1.167401579338115669e-01
2.212258155329840589e-02
5.180385126837371013e-02
9.770885541778346131e-03
-1.662101627736166654e-01
-1.162311235227938243e-02
-8.103869974415815747e-02
8.512322319897569489e-02
1.302660907461394568e-01
-1.958462222109220649e-02
1.090962360834661499e-01
1.405711995652307866e-01
6.391227424328231599e-02
-1.198362878515808194e-01
1.196059950316017417e-01
-4.080799420180293569e-02
-4.994104660084360686e-02
2.642913897868952658e-02
-6.054270360848214988e-02
-3.156802743356279528e-02
-8.266182052530675339e-02
5.463315304550542956e-02
7.483961601702709271e-03
5.394236041915505264e-02
-6.491936348654753740e-03
8.036804059555972823e-02
-9.345303371599285314e-02
1.387553663901945275e-02
-1.064753308444730817e-01
-6.277901679812965263e-02
2.831148362912761993e-02
1.605346074708508680e-02
7.584868708087091384e-03
-1.341973470367300025e-01
1.785965189299137381e-03
-1.413588678718211700e-01
9.265254701677599902e-02
9.376902924746854939e-02
-1.129619451825502052e-01
4.225536565452566937e-03
1.361673971094706781e-01
-4.414277684781802574e-02
-5.062128639496919075e-02
2.765148230636067100e-02
7.597680500992952390e-02
-1.038381942032777228e-01
-5.929948889412761312e-03
-4.624674468268089034e-02
4.335683786191909389e-02
-1.208970064678900613e-01
-2.630844159412374858e-02
-5.785509442726471940e-02
5.524361516202066363e-02
7.781827538433609692e-02
1.310553934138085526e-02
-5.890092821686014612e-02
6.213829750200659807e-02
6.637797707392452395e-02
-2.912124453077953937e-02
-1.880062526441209636e-01
-6.131377057512744921e-02
3.451949745037860562e-02
-2.312430120568049682e-02
-8.030570790461112607e-02
1.246815673770455962e-01
1.457360794727132446e-02
1.891435615746539511e-02
-3.324151045523766890e-02
-9.712630008822163361e-03
1.457885544577622663e-02
-6.664017156689366894e-02
3.770071016774651645e-02
5.067667653338826274e-03
-5.145054699063422027e-02
4.982619222324994115e-03
5.231983460949150323e-03
-1.116244506159025651e-01
-2.686823877360151880e-02
-3.645209464679637079e-02
-5.741397880321798611e-03
-7.761876323496290538e-03
4.876453943698138074e-03
-6.317382798509511843e-02
2.425144010872415726e-02
-5.815127864192289747e-02
3.746511157457972120e-03
1.903024025535296829e-02
2.987481243627993638e-02
-4.800570371886084091e-03
2.355130919956928068e-02
-5.062497387809139493e-02
-8.550541735111149080e-03
2.009622193049232647e-02
-1.926931127072039132e-02
-1.366540410951985404e-03
2.151016087108860442e-02
6.192913816517509745e-02
-9.992225053931594325e-02
-5.594451628745899380e-02
-1.061140132032533691e-02
1.024731485160690174e-02
-4.480326616138762680e-02
-7.551252932141498675e-02
1.681479324521326368e-01
7.480103534813922761e-02
1.600102540842520240e-03
1.033947302632481219e-02
2.353363534161598616e-02
-3.542598452072506700e-03
-2.377970847424655271e-03
4.084778209303108892e-02
5.278960030962434244e-06
6.041359543163219749e-03
-2.689827481591983843e-02
-5.698043488077051549e-02
-1.347858298452752623e-01
-1.099673303114824269e-03
-2.246049259845409318e-01
8.305163545976385064e-02
-8.521901026120275169e-02
6.196557677076224013e-02
-1.119766733987997698e-01
7.874417635000438564e-02
-6.967409657278821056e-02
-2.810570521695665916e-02
-1.676693587366662186e-02
-1.339347296124237564e-02
1.346105805308766279e-01
1.677653682657097578e-01
1.357956027318166226e-01
-9.027004482474632052e-02
3.845859081160593954e-03
7.827638128300236364e-02
7.880125945280440358e-02
1.314373221130272495e-01
-9.360914342781950781e-02
-9.617596758301194537e-02
3.814644302275367604e-02
-9.936189740451805558e-03
-3.602090141748760105e-02
-5.283837992650242815e-02
4.587451217570166079e-02
1.250210478545801251e-01
-2.428391591444623368e-02
-8.186543887079685000e-02
-2.097656944643097598e-02
-4.345064911508686456e-02
1.383160734118376312e-01
1.358781580517721410e-01
-2.629606594961519939e-02
-4.056430911600292927e-02
-1.353015108786210785e-01
-5.279061365299937691e-02
2.343009230022423742e-02
-6.401778711132541377e-02
-3.191312307412667165e-02
-1.290649242749087322e-01
-6.715576294947717129e-02
5.202944391331552898e-02
6.026598508033120805e-02
5.471623457445393829e-02
-8.079554194890011323e-03
2.536847004415136372e-02
3.476084818174426591e-03
7.005693938501809936e-02
4.152290849425435693e-02
-2.211595656611541755e-02
1.452652225927855006e-02
-1.038426251031719788e-01
4.297516212992900236e-02
-2.681531145428545440e-02
7.169179604466070777e-02
2.399992750102457675e-02
-1.272665200997669457e-02
1.194708197488234397e-01
9.616095988704230491e-02
-2.163318357022740723e-02
3.672542811235084137e-02
-1.996686560758857004e-02
-3.086544536482072401e-02
1.464614903604451179e-01
5.381272684711690957e-02
6.597056046504119579e-03
-3.848344585636616962e-03
-7.319113416939138951e-03
-6.020868068742219609e-02
-8.210124281531111859e-03
-5.275865097386552710e-02
2.323085980328342195e-02
2.632311057442526456e-02
2.433325232012996386e-02
-7.631716791936009325e-02
-1.260367883495176061e-02
-2.500518760254449857e-02
-3.895911680200312560e-02
-1.464279673584168578e-02
-6.267752783553491580e-02
-9.308399794729470267e-02
-1.058275372549958258e-02
-7.321009309035628188e-02
3.847967592529478315e-02
3.972125459994686053e-02
1.324276775030367413e-02
1.399949868811423415e-01
2.421889613346028466e-02
1.228121302129985964e-01
6.256301638103521634e-02
1.718877753109503137e-01
6.415970669692591666e-02
-1.058806775079197821e-01
-6.956571149491816430e-02
2.147380434348934025e-02
1.075587276992048640e-02
-2.027451784191804107e-02
-1.151759372912173757e-01
1.264622507702826623e-02
-1.657733355981909351e-02
2.440373413967763389e-02
-6.760984613533393972e-02
-4.165185837843814187e-02
-4.663061810088683229e-02
2.275357262174721937e-02
1.395093589022151741e-02
-1.054123041857097792e-01
1.013416332833397132e-01
-2.420766739709767634e-02
-6.779869049709007223e-02
-8.166541253544842838e-02
-1.097534902940061098e-02
-1.995940517289757354e-01
-9.764904133636148620e-02
-9.355060919765187735e-03
-2.320433507147324353e-02
-7.953556194109780153e-02
3.454105809650153541e-02
-1.351289525157312044e-01
-5.031612936618380660e-02
-4.629713590898144882e-02
4.059630786121973950e-02
-4.365811833128529357e-02
-1.362050473649961679e-01
1.185104456103429627e-01
-8.056849665191100074e-02
8.421580908563508494e-02
-7.440879760257991526e-02
-8.960556276061487635e-02
-9.444826941432905854e-02
-9.607417156988583284e-02
3.364607677043284645e-03
9.002484675499913824e-02
3.831654354710648663e-02
-1.072931977351650745e-01
4.650376961837186796e-02
2.620032912020247434e-02
7.550699170942508365e-02
1.088732856340904609e-01
4.902736406008672415e-02
2.171995255200506389e-02
1.120084778160372781e-02
-3.299769969067516823e-02
-6.038541967693571155e-02
-2.053265367688778334e-02
2.665215737871281729e-02
-1.212428109111733793e-01
1.325787338379738611e-01
4.210114893409102471e-02
-1.539421853050766502e-02
-2.199811524881963021e-02
7.790803608765284501e-04
5.509592678962228762e-02
-8.744807443717557416e-02
-5.329748159459324341e-02
9.543887918297511153e-02
-2.730139696019405135e-02
3.483128360803856155e-02
7.616657712521439361e-02
-6.360766594512647087e-02
9.658094848958794637e-03
-2.974211619645578120e-02
4.678844075076558917e-02
-7.078182602711992344e-02
-8.564896146966961832e-02
9.458747959950198746e-04
-4.702120953425122790e-02
-7.154810401285569173e-03
4.679484734117807937e-02
6.373011390868255077e-02
-2.513184043797526968e-02
4.866133994040239968e-02
3.145012320203643269e-02
-1.083193934709122952e-01
2.177226519064019011e-02
-1.057022743670242709e-01
-2.871825040376869281e-02
1.605621577939129324e-02
-1.764759655269695915e-02
-9.687388357806425709e-02
8.027957535570774683e-02
-1.189165659753781412e-01
-1.288111470484519516e-02
7.226779787902257168e-02
-2.198688600356874315e-02
-1.576416587298057684e-02
4.543876615450523349e-02
-9.862578089188063502e-02
-3.986105793128112001e-02
3.573891197531119113e-02
9.297554052974662392e-03
-8.438007701913424752e-02
-6.342453703502937135e-02
8.055952002457462957e-02
-5.222696632501247493e-02
-5.860550146427779585e-03
6.621364609327669293e-02
-4.494283368233707027e-02
-1.289718468847846598e-02
-2.043178341758546471e-02
-3.119409443282728303e-02
4.083933521003503542e-02
-9.466601099017506182e-02
-1.180890032372438891e-01
-8.883967724802212251e-02
4.957382329382021419e-02
-4.943312248945835874e-02
2.058514122261766513e-02
-3.608032234098913077e-02
-8.884123807493528313e-02
8.319175294335975912e-02
-1.021858516970323635e-02
-1.813569217820465342e-03
-6.147899468062879846e-02
-8.221916153899483382e-02
-1.098368356936655771e-01
4.313009620340727684e-02
-5.927343333248599744e-02
2.256862331067080452e-02
1.330101853830701342e-01
-7.547792044194345795e-02
-4.161853414206848067e-02
8.312709457010625247e-02
-2.540406138559403101e-02
3.976887482082351599e-02
5.826375842054691556e-02
9.869057379341106273e-02
-4.774851708652833732e-02
6.851572906144512420e-02
4.221486999462346207e-02
-1.238258041114536495e-01
5.918468529859616245e-02
1.239795246789302113e-01
-6.825736717600072723e-02
-9.819046771168994658e-02
6.933885171740260256e-02
1.657515150384334529e-02
-5.351173497403028528e-02
1.308303779780871645e-01
-8.536201788193224435e-03
-9.161527101648006544e-02
1.639176939352028281e-02
-1.289304641592942668e-01
-7.937384935006044917e-02
5.686567220010500801e-02
-2.429061401356392980e-02
-1.835797847485465609e-02
-2.430303774331086381e-02
1.319268951784360877e-02
-9.175822868759316020e-02
-4.868583025792769248e-02
6.683152630429457786e-02
1.023865725747725997e-02
1.584498765332291448e-02
1.229343928003511638e-02
1.609051536245752895e-02
5.274796300762928103e-02
3.720060775070154618e-02
-5.051061691892202304e-02
7.597269196212492245e-04
2.636196055028267385e-02
-8.026493771595108462e-02
5.837309941618862470e-03
-1.832810920427437040e-02
3.536749144702184752e-03
-1.834024770267047022e-01
-5.332392896880381629e-03
7.302347580812691696e-02
7.696034976286814100e-02
3.667861236892833166e-02
3.068607766291043051e-02
-1.188227388072039675e-01
8.305856555823946941e-02
7.506039196093125532e-02
8.242890807036068468e-02
-4.576494372383874826e-02
7.924390996791155772e-02
-9.284378090898866287e-02
-3.149332539840904444e-02
-8.976768708228027860e-02
4.528231846685507045e-02
5.911907229538297670e-02
9.730273971099985368e-04
-6.843541746480925891e-02
-2.387715704826297650e-02
-2.335732609005973862e-02
6.127982432401456875e-02
-2.924268609676056868e-02
-1.125619194143371860e-01
-1.773989968725198096e-01
1.056985920106709304e-01
3.665336593218092298e-02
-1.056183266086336975e-01
8.903303599458327333e-02
4.337638569851905851e-02
6.629206384515681783e-02
6.226596275506906392e-02
-2.523537726002651055e-02
2.728955480680278489e-02
-1.020459649172026327e-02
5.364178182277239137e-02
9.649222373441276868e-03
8.666885250557487819e-02
-4.215377106891413095e-02
6.496659686198665018e-02
-1.746013961106616386e-01
-8.930878669626700350e-02
6.823745814988364800e-02
-4.133692664453537946e-02
1.125534431858808346e-02
-9.351098994762567507e-02
-9.875490814216569824e-02
-1.230494917928005028e-01
-7.725768055091784825e-02
-8.169813723292326801e-02
1.226915405603034998e-01
-5.276860075164754166e-03
-2.023197735770951994e-02
-9.318877872352683556e-02
-7.095393784624159234e-03
3.166916467804549093e-03
-2.629994930393055388e-02
-2.496091143107961874e-02
-5.241380264052565574e-02
-1.384341686435711441e-02
-8.227007808807944300e-02
3.865211955176675596e-02
1.114170773686810056e-01
-3.520778663913617240e-02
8.304491620375546723e-03
1.696763523689797659e-01
-5.777362379255426839e-02
-1.626281179748708186e-02
-9.490814713237739897e-02
-6.970149262896375986e-02
-1.867582455258193219e-01
-2.643286173749554574e-02
1.431292829592902514e-02
-1.776242858894525600e-01
8.114398445545641103e-02
7.270809499711303192e-02
3.333617032942517294e-02
2.564810551662605187e-02
-3.785123326133632560e-02
-5.320451638115158977e-02
1.131527395862767793e-02
-6.101268464160852084e-02
-1.023861147935064761e-02
6.140173971607148368e-02
3.240036974762301042e-02
2.887881467047716949e-02
-2.624180223060453843e-01
-9.368897068471476047e-03
9.350099766284669656e-02
2.497981480441938476e-02
8.306243151440712014e-02
5.707216241609659041e-02
-2.866796677268512381e-02
-1.086808724214796268e-01
-5.346127872054613761e-02
-8.237748220135818894e-03
-5.533525558119228166e-02
4.570057361984890959e-02
-1.158272374931409998e-01
8.424183492212204694e-02
-5.000921836502262435e-02
-7.745915766093885990e-02
1.444666337366669884e-01
-5.958357979429853256e-03
1.011229322747769360e-01
2.567340231096925871e-02
-3.226319282733311478e-02
5.859564059647769801e-02
8.335174564224251403e-03
-5.247749240133451655e-03
-4.570195281978629148e-02
