1.046454355154800148e-01
4.367245711318174656e-02
8.209005876238652244e-02
3.630016058594588702e-02
8.826306511680173661e-02
-1.641338347137609802e-02
6.014699394010430966e-02
-2.752169684499186295e-02
-1.068341493066531089e-02
5.700842965383238342e-02
5.468818832572379385e-02
4.089338250822485005e-02
9.656041416517237297e-02
-5.432119170198516228e-02
-8.251201543106979897e-02
-8.378517676965625827e-02
-3.603016474754259374e-02
-2.736935357986438472e-02
6.726732525874386248e-02
1.085111546680013334e-01
2.153988585647203385e-02
5.884169477131796777e-02
-2.355601854599696440e-02
8.429650203540201003e-02
-2.410821538757196986e-02
-2.847568629056945744e-02
-4.930488942855375256e-02
1.723239704733871627e-02
2.866355006777474707e-02
-2.789226312115733117e-02
2.702669826172708623e-02
3.463262516243664074e-02
-8.494744450759053600e-02
1.297311273686511113e-01
4.644763046920732941e-02
3.044676476378363125e-02
-1.315988332733993571e-01
1.141392222611639362e-01
-1.334224537031440394e-01
-9.536592428514657771e-03
4.684787597088467537e-02
1.501309987796961010e-01
-1.572089694062043033e-02
1.510722350759230725e-01
-6.706312810998301364e-03
5.387532101651613947e-02
-9.772841626444854490e-02
-9.194349584527114483e-02
-1.676463776890849133e-01
7.651695785023799462e-03
-1.892594927126994564e-01
-7.354761697497666506e-02
-1.043280520761705327e-01
-8.948703990476805648e-02
-6.127171367608714309e-02
-4.428026626450049658e-02
1.734090088297047735e-02
-1.386678320207822279e-01
-1.042864960569191007e-01
-5.839691170469198112e-02
-5.693516681244940869e-02
-6.406334742869060350e-02
1.018358357911022527e-01
7.576583582454349264e-02
2.047923615208810041e-02
4.505653058444671066e-02
1.962349993379476076e-01
4.790697279226840272e-02
-6.029831300923742254e-02
6.053427688623284203e-02
8.474030582989412752e-02
-2.869636232241102453e-02
1.073464572589125643e-01
1.118492018703019092e-01
1.439301367430634859e-01
-1.654700798864595923e-01
2.302422916011165679e-02
1.165979986717188693e-01
-2.216154682845077398e-02
7.398105607834347397e-02
1.154284161463847436e-01
-3.396743105460277995e-02
-1.097684621869694371e-01
3.365864724248404660e-02
3.615792517904544562e-02
7.917447009473112252e-02
2.222769859347007576e-02
-3.124916641001405210e-04
-6.284123629330934380e-02
4.992084115501047720e-02
1.127335288681067943e-01
1.320684436806878193e-01
-7.897893454727944462e-02
3.839397275579607000e-02
-1.053751272005797740e-02
2.179984545872621846e-02
-9.624281925226275958e-02
-1.153106286410465579e-02
-7.007337005606083941e-03
1.642598443150315723e-01
1.778328190485043911e-02
-3.547488356217095434e-02
-2.720349484465009460e-02
-3.479375362354603790e-02
-6.112528798750647106e-03
1.295485512015382978e-01
7.204797610038247112e-03
3.861424490445967972e-02
7.424366356638067987e-02
2.339301261841377280e-02
-6.360278735715274578e-02
-1.687117905969064482e-02
-4.777049548480912650e-02
-2.566338514155962897e-02
1.932198257015867449e-01
5.647682154877218391e-02
6.971015729918478288e-02
-3.195738803948103973e-02
6.977593903086620709e-04
9.950412659212269639e-02
-3.215974415382263224e-02
4.452119655180902108e-02
5.418421443838399715e-02
3.298799593050949497e-02
8.744407965400831373e-02
1.872325605961345368e-02
-8.516706164746829649e-03
-1.893275388236571322e-01
9.601551078334541467e-02
5.971458262752296284e-03
-1.485109010072187263e-01
-1.676021128002815400e-02
-4.772956356654232957e-02
-1.055494029341226721e-02
-6.541721527560230565e-02
-9.713128162885525940e-02
1.464077125508806212e-02
1.147923818547822022e-01
-2.591724720085920169e-02
-2.644012816768921345e-02
3.507729829599653265e-02
1.157046481508120922e-01
8.492683318905827616e-02
-9.952285235968472143e-03
-3.577160960946704216e-02
-6.263219349072023101e-02
-4.209605025431200492e-02
2.165606440612440411e-02
1.421203884611449940e-02
-2.136489674628475749e-02
3.408275601869685534e-02
2.655444134153539179e-02
-6.643972406046702583e-02
-5.596896906298609586e-02
-7.896038602332293432e-02
-6.478967409101325792e-02
7.126169607299814857e-02
3.450051227577748732e-03
3.319798870706176103e-02
3.265917176140009648e-02
-1.765843755500290727e-02
3.841882934088539786e-02
-9.616934216010834813e-02
-1.849780751041797122e-01
1.753906376333458084e-01
1.314347078528546042e-01
1.829461469562140147e-02
1.170128406408190852e-01
1.690503745570745009e-01
-4.362263658534430710e-02
-8.167197452987243200e-02
6.340118532021486730e-02
-1.054099918461393615e-01
6.980972263820317547e-02
5.299884373308447888e-03
2.919797313036138348e-02
1.509870685171842974e-01
-3.270497267957624826e-02
-3.961569110495800211e-02
1.581411449633368937e-01
-3.563781594023691934e-02
-1.880182222772245476e-02
-1.540190164878782637e-02
-3.988065262744629191e-02
-7.298356741225325850e-02
6.723478415190188573e-02
1.472089734693662055e-01
5.536076362070918577e-02
7.209242503368103183e-02
-2.866878677669348896e-02
8.185489609746278428e-02
8.972262532784418265e-02
8.341941354304922840e-02
8.382996896563392475e-02
-6.112758692124354611e-03
4.186082713772543151e-02
3.900015647115340905e-02
2.278306535133787364e-02
-1.117771138140662562e-01
-6.145609588804531315e-02
5.799064584992303512e-02
-2.330349995728593290e-02
-8.575636021576699131e-02
-8.141447674182118732e-02
1.145516787534776593e-01
9.832927522707139711e-02
-5.486519084328926599e-02
3.198847253941396879e-02
1.319469174393650968e-01
2.892850396343838240e-02
-9.830739130228216549e-02
3.733311706021665011e-02
6.143060526633342677e-02
3.627182627297512174e-02
3.457117272296638798e-03
9.149977851699532538e-02
1.594690387751851110e-02
6.944693194539766634e-02
-5.238567478001841110e-02
-7.151650462069647496e-02
-1.082969227015560809e-01
3.145349597324323399e-02
-1.326722045488669052e-02
1.343121040831307123e-01
1.653679862090056372e-03
5.125583818478942483e-02
-6.715113832825468643e-02
-6.861183655601853226e-02
-4.001179197272123483e-02
7.762492452857769343e-02
-1.401470538859935222e-01
4.266794983068322722e-02
1.044752531542716273e-02
-6.136259828021703444e-02
-1.365046143705721596e-02
8.758232353049724694e-02
4.283050550626408236e-03
1.260173789560119495e-01
6.454398606729203069e-02
-1.351077051263748219e-01
7.070890409299500357e-03
3.138691064075624371e-02
-7.559459561242933001e-02
2.969513984807506737e-02
-4.096750979030634732e-02
3.088553936425297158e-02
-1.062824583142117640e-01
-1.073573292161924125e-01
9.975486613496883925e-02
-2.334810911339053538e-02
4.555818215077574174e-02
-2.707524346233561308e-02
1.389731342605352027e-02
7.136768117013437933e-03
-6.674678529211158264e-03
-9.589349789623155540e-02
9.952585554380224964e-02
-1.229117870718940408e-01
9.200625436129511447e-02
-1.783517128784644495e-02
3.658580197963165210e-03
-5.744780986619051760e-02
1.242094406978360016e-01
1.016458821249246053e-01
-4.230266207339375417e-02
-8.141193615771363801e-02
-1.197281904523602725e-01
8.724921186241420268e-02
-3.441152255954466055e-02
-7.045184488808048373e-02
1.232724294844116664e-01
1.475407391676950616e-03
-1.832510352200587486e-02
-4.424831924139677186e-02
1.362509683524471271e-01
9.505880830771913648e-02
-1.658101445109652280e-02
-2.112697522661025756e-03
1.390729291901422748e-01
-2.636989870234867847e-02
1.587878171537195626e-01
-3.565280796069206920e-02
1.286850991796432975e-01
1.373197952454415782e-01
3.111983389175880868e-02
1.032259121067203023e-01
1.300678351796238363e-01
9.699729122068125042e-02
-7.299308900845923043e-02
-7.771875862866756135e-02
-4.956606916318290201e-02
-8.881318478048216489e-03
2.576561442802552393e-02
-1.224767086036604620e-02
-9.089654263277376078e-02
-2.168102654972579087e-03
8.778400301729302746e-02
-1.522195988209333606e-01
-3.639338467138280436e-02
5.597927100092132263e-02
2.357796528493975169e-02
-7.875253697001831366e-02
1.510712773531958653e-01
5.568584764264734865e-02
9.488800999866241204e-02
-4.498676634688467124e-02
3.584196524252575289e-02
1.099611836142604278e-02
-5.052593798483095977e-02
-3.336513616870478288e-02
4.156029291476816961e-02
3.792807814213061679e-02
-1.347660638160627089e-01
-9.266825342438965440e-02
-4.575182233529178494e-02
-2.463001913395119688e-02
-6.732090635414003654e-02
-1.068191569756335585e-01
-1.553832108137816193e-01
-4.566491863594410172e-03
-4.902191606567673360e-02
-4.664577951159441793e-02
-9.225777606815768750e-02
8.315567626717368377e-02
3.038732367202108542e-02
-8.115811145668776205e-02
5.090929803893087802e-02
6.164404603188405538e-03
-1.198772026158771986e-01
-6.470912327984490453e-02
2.342126315394474009e-02
-5.956422978636011223e-02
-3.989548028516024664e-02
-1.060709861555253347e-01
-5.498764627180740411e-02
-1.294371104197174493e-01
5.052391156157622076e-02
-6.238444657817876667e-03
3.689740220870506987e-02
-4.087168567751336967e-02
-4.627480827661932528e-02
-5.611546390189221800e-02
-3.632756129208512819e-02
8.377560388660482138e-02
-5.256837045493374140e-03
-2.224349870603938711e-02
-2.687959629568267058e-03
6.304406406656039297e-02
3.633278680355511020e-02
-3.813808906835378792e-02
1.434445819374293996e-01
-1.953557251976580957e-03
-1.117977618262887968e-01
-7.903278520758080794e-02
-1.025927522866467712e-01
8.221148802858718740e-02
-6.009392264529042453e-03
6.720644929627499209e-02
-1.220334375978177205e-01
3.594014221473067899e-02
-7.977956461997807655e-03
4.978572842368300666e-02
-7.901817818393391812e-02
1.179238614920673743e-02
-7.873136165798272010e-03
1.139704179727631661e-01
1.044008324138232108e-01
-9.980402874222776832e-03
-9.218969918185591916e-02
4.798872970106566466e-02
-1.439306888240365900e-01
-5.504930294487431902e-02
4.716699059884719297e-02
-5.789027140902657659e-02
6.617146337916184062e-02
1.278531752719072878e-01
-1.965080992801109677e-03
4.541961363426987724e-02
2.935528680062539711e-02
-2.361489749596147256e-02
1.053136292439238175e-01
-1.804595252010494921e-02
-8.410416108114446287e-02
2.306333210662677158e-01
2.405891805889508878e-02
5.487477480076705105e-02
-5.039556285005828556e-02
6.673818432066803974e-02
-9.044258081792609649e-02
7.084254464276720786e-02
9.121262460421206142e-03
-8.074559140435184912e-02
-3.103710018214703853e-02
-7.960822652505497588e-02
-9.186811998212926836e-03
-2.917000028065683606e-02
1.205332266430212962e-01
-1.857704438837065163e-03
1.165550113631384083e-01
-6.077487524594781670e-02
-5.740321465043572713e-02
8.780105325358636414e-02
9.120323515193715092e-02
-1.669576075189929121e-01
-1.365271197913873191e-01
-2.911330949447866849e-03
-7.987695475909649748e-03
-4.674778531588612979e-02
3.660261560566113043e-02
-4.296238508078236568e-02
6.294730722057769595e-03
7.672099740246988986e-02
4.678897897758323154e-02
-3.408483405238325881e-02
-1.070370073664291127e-01
-9.570353008538673434e-02
1.194694338054155813e-01
8.992858915186374008e-03
-3.732076536562824870e-02
5.788547676303877274e-03
-1.995339832511601810e-02
3.510380628911488610e-02
-6.844093973641580952e-02
-7.514344710714315756e-02
-8.101865771045645148e-02
-1.151738739397941032e-02
3.994363418489262074e-02
-1.401143745547710207e-01
9.928179625250197621e-03
-6.171344153791027271e-02
-2.878927749248649803e-02
3.087338669371960526e-02
5.399205664439095387e-02
2.039854437162641129e-02
-1.081705185211536135e-01
-1.645618244840161767e-02
-4.210002483857564620e-02
6.672820835882510571e-02
8.829411523139339690e-02
1.787767022039921799e-02
5.514431059010180269e-02
8.551608321993756090e-02
-3.134423745168649078e-02
4.276435262928367925e-02
-1.757199171082999833e-01
1.631243641939398095e-02
-8.324671127479750564e-04
2.711781527005263995e-02
-1.378360334126289000e-01
9.559367871850418807e-02
-2.394022809604526639e-03
3.177424216044897470e-02
-2.984060081910083762e-02
3.617571560112683299e-02
6.791131184870892457e-02
-7.335230384165918049e-02
-2.123745502557023226e-02
2.572189897109571771e-02
-7.517080019436404859e-02
1.190339200871127351e-01
-1.648499837559299144e-02
-1.060161609165089919e-01
-4.072102853632456054e-02
1.008933088568272213e-01
1.611744402241526222e-02
-4.575202249984975517e-02
-1.763990914880715979e-02
5.609540646982831558e-02
1.707021792321980758e-01
-1.561988306753794298e-01
1.907840454961533261e-01
-7.758729548880162474e-02
-1.559683889856991294e-02
8.303303163971000045e-02
-1.494689706907850399e-02
8.552980326842078707e-02
-2.911188214968961005e-02
-9.199068261139309310e-02
4.411592668990552829e-02
1.444298182739341130e-01
-1.015326949319523414e-02
7.239052459509594251e-02
6.593216894004361173e-02
5.487242186846580383e-02
5.984366272184660218e-02
-1.039892238986294265e-01
-5.036127872238492509e-02
1.176434185129567461e-01
-4.327266706908833999e-02
-1.851433956279482929e-02
-1.317624991099946852e-01
1.569307839495422408e-01
-2.393987815381398362e-02
6.566243399407727110e-02
-1.964622562619029733e-01
-3.765947029875053864e-02
-6.563991129500074129e-02
4.829745812660060644e-02
9.272825509885880557e-02
