-4.191801991957329332e-02
-6.594137166389631155e-02
-2.569288667101651130e-02
-1.427460958236461720e-02
9.482371031032771347e-02
8.050926385549241754e-03
-6.527257879222075898e-02
-4.462854292144743246e-02
-7.544579585059507654e-02
8.102391112359839942e-02
4.863855802611514317e-02
9.010711030312062997e-02
7.550212239261344660e-02
-2.588440923206321992e-02
1.995677814825285237e-02
1.423388567252732162e-01
7.652229786562129987e-02
-6.098543575371436626e-02
-8.263295142464030518e-02
-1.591435107260847541e-03
-3.213955196583532375e-02
1.478779965019651477e-01
-7.923160519660758794e-02
1.499023876253263721e-01
-1.219481782195696723e-01
5.782431373740034436e-02
-2.748840061672521914e-02
1.302049863762747561e-01
2.288524746814554322e-03
-1.462120809479799111e-01
-1.067544615846176409e-01
-9.333160652202135421e-02
1.048819906037297967e-01
-1.063232270474845781e-01
8.339616656088344460e-02
1.673244367426297841e-01
-1.587988144714751471e-01
-1.187052689824476814e-01
-5.293175883234667312e-02
-6.690434719090695981e-02
5.054485311440767153e-02
-1.213555698958034418e-01
1.214831867562105872e-01
3.021291875570128460e-02
-9.866844460521002891e-03
-1.354833444230547045e-02
1.120693306312609341e-02
-5.839006576860556602e-02
-1.569316508844395552e-01
9.686078192142955068e-02
1.699434635995310944e-02
-7.778162278307516886e-02
3.238036110577421217e-02
-7.377153153544889486e-02
-5.587151343904629697e-02
5.088271185844972511e-02
-3.746468872995466215e-02
-3.983692559463134636e-02
-1.123437657778432325e-01
1.034467273411626143e-01
2.930557212386654398e-02
-1.412493300689833704e-02
2.515274909880869589e-02
-1.002901979127224785e-01
-5.895202048860749555e-02
1.161691654916690263e-02
-1.591762015536313524e-01
-2.132403309302558295e-02
-4.661730594944948902e-02
-5.971317901711357262e-02
4.615219604013883620e-02
4.339287173979916590e-02
-1.070877031596399742e-01
5.452581394895109762e-02
-1.660937637436217251e-01
-5.716437116552509912e-02
-1.426588240659289464e-01
-7.588731753516524819e-03
3.024588018466421897e-03
5.934831273712028177e-02
-6.407130265546231995e-02
2.861418715677961286e-02
-2.975144081795782353e-02
4.297814710781428654e-02
1.195092552189866986e-01
-3.803676871097884382e-02
1.630976086464684949e-01
8.741856467227794580e-02
-8.195246518489171517e-02
-1.979752871400145692e-02
-2.853953143397887533e-03
8.261387435748671071e-02
-6.678850371805870878e-02
1.726391055301984001e-01
-2.706446798999193395e-02
-4.376256326187127899e-03
3.769084848018516842e-02
-5.958979256868612850e-02
1.749636955246066522e-02
-1.684231936579789202e-01
8.860500631289836004e-02
-2.643004184860357417e-02
-5.110826300725918037e-02
6.827508559320000225e-02
-3.983152504765064689e-02
5.288476709018786331e-02
-6.406621259175805660e-02
1.282191347307401648e-02
4.794102891268158667e-02
4.103439279064143019e-02
9.005352337277738872e-02
5.273887429882806455e-02
5.101744428026192685e-02
-1.284953627057223435e-01
-4.338588301435577360e-02
3.730128637601441699e-02
-8.134012246628206932e-02
4.199900270905380928e-02
3.264630093891530277e-02
-1.358238529830246843e-02
5.193305562250936924e-02
1.389697963712111482e-02
-3.237599752174898787e-02
-1.132707666125129659e-01
-1.076550621441614043e-02
5.358895975056591349e-02
-4.528908663883553926e-02
1.274087206201819644e-01
-9.566697879816881550e-03
1.056710360943582672e-01
7.812063153657310133e-02
9.382887830581888855e-02
4.308912095977094486e-02
6.318047399674911468e-02
4.723844463852613224e-02
-6.851517886830840731e-02
2.911740670070364981e-03
6.679326498074311669e-02
1.075863247763665237e-01
2.311615949533074588e-02
4.548828270459771839e-02
-3.096186425583666649e-02
5.754993027379664422e-02
5.696087621109974936e-02
4.854168371604201948e-02
1.356487130139915958e-03
3.678646427724414220e-02
-4.366842026319306402e-02
-1.828598093814277348e-01
-1.783303459978863859e-01
3.196672260899310891e-02
-8.804217710454508017e-02
-1.132952897220590449e-01
1.430226342845042076e-01
7.719369458917743620e-02
3.588552364889889545e-02
-7.648765536983861968e-02
6.427326806847695473e-02
6.148011961502854866e-03
-8.816395990917839931e-02
-3.164716319660732663e-02
-3.603304973877696771e-02
3.374419769312222983e-02
-1.150215513339330337e-01
-2.280592988471063370e-02
6.051722954753813860e-02
-1.391384503563709019e-01
-6.890923977891328864e-03
1.807642850979544746e-02
-7.949852183384305271e-02
-4.371211243756468329e-02
-6.341863258422020429e-03
1.798323050984385399e-02
-3.787230224481923091e-02
-5.081418689749996748e-02
3.742742048917821474e-02
6.312802602377103230e-03
8.301420717401511440e-02
1.036126811891595056e-01
5.961546928894156938e-02
-9.366349233092699511e-02
-4.079644470041977888e-02
-2.348584312955477940e-02
8.488393319286659938e-03
-5.257473070968239626e-02
-7.679958783121881849e-02
1.089773442012466065e-01
1.576612556835350638e-03
-8.614046617779170037e-03
3.193250256275342869e-02
-1.009164346301223703e-01
1.084149524186847763e-01
1.318496527265571872e-01
-3.700892626286118869e-02
-7.551605003819218676e-02
3.108942104325293845e-02
-7.509325880906179236e-04
-8.070813776177607896e-03
-1.253379579615839234e-01
-9.666950225977419264e-02
6.595134126723452284e-02
6.924658912016212753e-02
-6.986235533080878413e-02
1.506602085761704277e-02
2.760090454376128155e-02
1.916580714721429976e-02
-2.274589502554991583e-03
-2.815088407810350038e-02
1.352562377742933530e-01
-1.106965862837052672e-01
1.540921318736525152e-02
-3.413643350892043432e-02
-9.701192600838963453e-02
5.173094078087591557e-02
6.556972787488614396e-02
-2.052040977454467827e-02
6.512365616407597702e-02
-5.437894081942301616e-02
-3.425715018477586138e-02
6.076068622697086002e-02
-3.606788595279671050e-02
-4.855503112860760223e-02
5.090400956490147982e-02
-3.276714460511364474e-02
4.271837459679136972e-02
-3.356101932120128528e-02
-2.489394659589169376e-02
-8.900337275544628612e-02
-8.107747300529036250e-02
1.783230728652128103e-02
-7.106460107615027166e-02
-3.778089056994394374e-02
3.363391476765669602e-02
6.201214362923080509e-02
-1.584968364726101198e-02
4.159229705898272872e-02
1.465035642413952677e-01
1.090693075395285511e-01
-1.394661362388094072e-01
-3.058248780034756795e-02
-1.420118610877977861e-01
-1.061247577167713646e-01
-7.841631050473310549e-02
1.338549566074402966e-02
1.481197578611956611e-01
-2.098170850570365772e-03
6.758755192091179739e-03
8.272483621478152194e-02
8.723611738314095143e-02
8.512821474229891050e-02
1.679173084540863947e-01
-6.535219633840085030e-02
2.628722442339490734e-02
1.758974323043118598e-02
-3.153719382893765966e-02
-3.271762786211818153e-02
-8.075715649121574524e-02
-6.179656383059983771e-02
7.489944534997729220e-02
6.430743617668401024e-02
-2.187586518981120623e-02
-8.091942023808579298e-02
-1.112860051817001344e-01
1.983742678065372397e-02
-6.916994327103814788e-02
2.684428448626923966e-02
1.442448819377459453e-02
6.481880324468822230e-02
8.662128266791013775e-02
-1.063415686986434253e-02
-7.263694990486158076e-02
6.239360309304822771e-02
4.276308127622203276e-02
-9.294736725243792075e-02
-3.786593843857283259e-02
6.334804919809558510e-02
1.600730320088106576e-02
6.927433723571491120e-02
6.959728402559776927e-02
2.691245424169627989e-02
5.064312519052490552e-02
3.459709812327793621e-02
-3.382290515490861404e-02
-1.126746992464415231e-01
1.753801177059166327e-01
1.617514057818374984e-01
6.004939795710635339e-03
-5.781387871994977945e-02
-9.004343348700372118e-02
1.997966730120987744e-01
1.890684500160338607e-02
-1.377839778866161123e-02
3.184598119585425879e-02
5.615797474609215273e-02
-1.815710949222656620e-02
-2.743271717665205726e-03
-1.906159788063106486e-01
-8.159063417729291168e-02
1.289138530425638918e-02
-9.812802580258711549e-03
1.163671881174834638e-02
-8.086102930458435520e-03
4.405395838564916261e-02
-6.991245287576747236e-02
4.918000232331044830e-02
3.285856546902998776e-02
-3.821952935994707423e-02
-6.977961985538509715e-02
-7.383953408073641892e-04
-2.507389347172644251e-02
1.985764849753359970e-02
5.056008285923379447e-02
4.670088163474179349e-02
-1.324910183611353875e-02
-2.152641923899616117e-02
-1.607407831062446918e-02
-6.541716970225455730e-02
6.094041680443510606e-02
8.365070331956178315e-03
-6.052590496244876495e-02
-4.883048554828656185e-02
-5.160619253279482427e-02
1.102105850615399743e-02
1.138705077368176166e-01
-4.481246531931046273e-02
-1.770364333916275498e-02
4.796519724131975693e-02
-1.034819421884722868e-01
5.934817467971217203e-02
7.173539488874092207e-02
8.910497735845941680e-02
1.141213509271821365e-02
7.414225339112212598e-02
3.565856755173993364e-02
-4.145108723796341044e-02
-1.531258320973971632e-02
3.426829539269568570e-02
-4.079050358711831803e-02
3.941520613820811460e-03
1.604182429965572351e-02
2.542651442113184890e-02
3.692707722127218373e-02
4.810662414207687171e-02
-1.763303723964985276e-02
-5.093058341057032229e-02
4.331752093281378974e-02
-1.059543543199352802e-02
6.278100403322423202e-03
-1.132286738750578337e-01
-1.038972760800161571e-01
-4.731090665295391989e-02
3.464796843684476990e-02
7.577636121876782545e-03
-8.940312158209577642e-02
-1.255697167709820539e-01
-9.085099526793002922e-02
3.523514068330571396e-03
5.703216001050936783e-03
4.553003234448999709e-02
-5.629293456094778408e-02
6.630744076918618224e-02
8.134476760726470912e-02
2.745087412437337976e-02
5.399762655333756323e-02
2.587911516385626304e-02
3.988785441999227743e-02
8.892087102404318440e-04
1.064924012796646668e-01
6.193758577363250861e-02
1.197557997504552635e-01
-1.272894385847924970e-01
-2.248881027896068585e-02
-1.350609444209900645e-01
-5.930265744954318907e-02
-9.633464177813270968e-02
9.681997605095431225e-02
-4.370234779542886416e-02
2.784095258134789037e-03
-2.875232365095744050e-02
-4.732021633123176946e-02
1.432574107312841426e-02
9.220338607629079142e-02
-1.223269213296892116e-01
-7.941192552188715281e-02
-2.775431793098218428e-02
-1.993130039335455281e-02
-9.219660887161122698e-02
-1.866171298350239802e-02
1.193317193397396558e-01
1.122073959691453071e-01
-1.186245678631096256e-01
-1.464492095666862226e-01
7.899958760845955663e-02
8.427484401622031829e-02
-6.896651969680736571e-02
-5.207603339724752554e-03
6.464354748209484580e-02
-8.100378830468969726e-02
4.863386157091549979e-04
-4.380274644184981719e-02
3.297849682709678293e-02
-8.438201602422071290e-02
-5.534026736555776316e-02
-8.028277926652565774e-03
-1.309827859182494392e-01
-6.052196407604334971e-02
5.256987940730487724e-02
3.320902456318378798e-02
-3.475569250748099942e-02
4.584004116136197911e-03
2.721838251120126465e-02
-3.606905665064634448e-02
-5.368691121035711750e-02
-1.318253926566926790e-02
4.369255182969232487e-02
1.200682512949342168e-02
-4.942546552429043227e-02
-1.737428059656794255e-01
-5.692791038630898304e-02
6.985125099995512232e-02
4.809256447418838731e-02
-2.161579684807571344e-02
2.338890221464765690e-02
4.844112738827196715e-03
-1.058612491160371982e-01
5.913753926482552548e-02
-2.501422229436693276e-02
-1.244007852403309078e-01
7.023691570781910587e-02
1.441743434614831468e-02
8.800929300768260688e-02
-1.766901056369674650e-01
5.385974512275630566e-02
1.135191120751592730e-02
-1.516482564736799932e-02
4.754634594063170822e-02
-2.755931083077890406e-02
6.045612252822395866e-02
3.999769015751879903e-02
1.469176398171276043e-01
3.678694230962504391e-02
-4.507434288501654951e-02
4.616059992497167919e-02
-5.530972199207653123e-02
-1.729845310946452885e-01
-7.831335823195477441e-02
1.405410414311271047e-02
-1.400591726752519195e-01
5.155680873147518856e-03
-8.467254393817492952e-02
7.940432092176563650e-02
-7.642538193094620957e-02
-7.364110216066080405e-02
1.324658917024883155e-03
-3.935807770405446576e-02
4.008734023619728998e-02
8.186671000597854631e-02
-1.867453046395920954e-02
-1.120102698099217746e-02
2.220811685864101589e-02
2.865016905005499451e-02
3.867674484558857734e-02
6.818320599965170536e-02
2.420530237433434623e-02
2.087473769283595959e-02
1.333130814093645006e-03
1.201570233613824361e-02
-5.502084735938798238e-02
1.869449216992978557e-02
-7.360950327645831258e-03
-9.998800287620559710e-03
-2.255352406735688237e-02
-8.983691026541507953e-04
-2.211042752670249606e-02
1.223963711942930785e-02
-7.664080957665265863e-03
-1.325457963428165464e-01
1.405753545679668537e-01
-9.775320818799861089e-02
-1.051966789096172306e-01
-2.635952868474842128e-02
7.153545662876852063e-02
-1.485351958796055126e-03
-6.310553187401209130e-02
7.548536407801535730e-02
2.812560624208950127e-03
-5.266405457209232671e-02
-1.465452054555725810e-02
8.237437856753815346e-02
8.593674319143994322e-02
2.207514957720089002e-02
1.444033002565469903e-01
1.302145909984507577e-02
-9.994613951593638024e-02
-6.622992266114827165e-02
5.465703470014615650e-02
