-2.008055406879151739e-01
8.642962291015278409e-02
4.083393114487467862e-02
-1.722352205800226910e-01
-1.281865171186504504e-01
-5.873732017801251010e-02
1.192188994870438043e-02
1.747738948381818980e-02
7.296003499693697048e-02
3.325721140393032849e-02
-1.815899342172314426e-02
-2.605102378735284913e-02
1.732778828031186075e-02
3.985441856953047396e-02
-1.560878404781198235e-02
-7.373710015239667848e-02
-3.169651855410342278e-02
1.163939090621460837e-01
7.600833309437425578e-02
-4.892359481462082993e-02
8.502361413338037355e-02
-9.992893328636408279e-02
-2.181472604381340941e-01
-2.426518866823776724e-03
-7.766354142425649365e-02
9.382048048914327920e-02
4.581440102143730791e-02
1.081460253237584990e-01
4.147767392851323121e-02
1.061272276883016771e-03
-9.608319069263944467e-02
-9.750946739670370011e-02
-1.579742178867598879e-01
3.414674729531757408e-03
-7.189098751184556935e-02
1.288523528759211723e-01
3.675261421560097747e-02
7.472505777396019899e-02
5.343176194995657990e-02
4.760432976429986723e-02
1.423129798532392354e-01
1.184748916471518726e-01
-3.894997886257241942e-02
2.476100976133982223e-01
-5.645090475290415188e-02
-4.128080812292803797e-02
5.271032649080256011e-02
5.070401423277390122e-03
-3.181120411685783855e-02
4.920969078459408452e-02
-7.101436572204858355e-02
4.664610724139153092e-02
1.408245714072046267e-02
-4.359896030541455039e-03
-1.035395529981097571e-03
-7.476701639115129749e-02
-6.269952820335622512e-02
4.744256243428972980e-02
1.308763149941974124e-01
2.906663805972742320e-02
-8.753934936619173213e-02
-8.269868521509573037e-03
1.991271633553559975e-02
-1.847376879883236844e-01
1.035258399397435136e-01
-8.179230205467322157e-02
-3.926112488565938058e-02
6.054517959185893444e-02
5.302291667224519334e-02
1.020698285318567544e-01
-8.446906097287765203e-03
-9.524211346229845276e-02
-5.259059949814732376e-02
8.777566437985058478e-02
-8.684567047657160144e-02
-3.279641563130509391e-02
5.480104500727991240e-02
-7.831022814404814403e-02
7.883594563906450026e-02
1.149990383699001605e-02
-3.298361397219742863e-03
-3.703075709397866261e-02
-3.748888122969038644e-02
3.476321960704343433e-02
2.284694477052041928e-02
-4.632922882925992469e-02
-4.372060762573799775e-03
-3.816273382652662222e-02
5.991096883002566126e-02
1.307515701735856850e-01
1.528514023508787123e-01
-1.501370648690905293e-02
1.777835834253823910e-01
-5.769468874248396412e-02
-1.242731781242346623e-01
8.592206388539165920e-03
7.354056330560151955e-02
-1.654769360418854168e-02
8.702260728431811254e-03
-4.391396844541781835e-02
9.544940498944429197e-02
-2.037257721899352145e-03
9.515752731876674086e-02
2.108058159168182261e-02
-1.053349771429339388e-01
-9.817732193037488619e-02
-6.139095850939587512e-02
8.035975985119923892e-02
3.092287122824432730e-02
9.101928018926842834e-02
1.037400145554023476e-02
4.414500245142070900e-02
-2.232634649713404751e-01
-1.289164488500420536e-01
-1.066724398686215852e-01
-3.180554625503250604e-02
1.309399441722275959e-01
1.298246770090880076e-02
-1.204140856379635749e-01
1.559911498687661380e-01
-9.793129957094200144e-02
3.455978225200698195e-02
-1.565933631795014824e-02
4.612447667659112099e-02
-1.097543473268740855e-01
6.168921641155465652e-02
3.847473300704684629e-02
6.701490625825724801e-02
-9.470932114085839348e-02
1.632600555839344714e-01
-1.182895976409286398e-01
-3.021824179807229560e-02
-6.935862021378620679e-02
-3.794281732704150867e-02
-9.195041978109969039e-02
-5.564666775496823758e-02
-2.897307755174017424e-02
2.107089468701083268e-01
4.329274862733481499e-02
1.219809592694740680e-02
-1.631003164735135222e-02
-6.962823153940203569e-02
-5.676120642515605774e-02
3.685236653037968907e-02
2.384872233461738343e-03
-1.507122848050290453e-01
-1.543088485911245367e-01
4.107911960011668973e-02
-2.599426293376693592e-02
5.972933605449026739e-02
-2.440463111904014534e-02
-5.788186119976952704e-02
7.088385648612313683e-02
-6.322451703661131905e-02
-1.981947993100281469e-01
-5.798616479086906444e-02
-2.731058899546720195e-02
1.125155027173383587e-01
-1.182901220397878511e-01
-2.623492078947358905e-02
-6.635723452137706757e-02
-1.367959436881245605e-02
-1.776641910549498216e-01
-7.007482643351338469e-02
1.172872790255850839e-01
6.050927087506961788e-02
1.431046037396163928e-01
1.090935214739905124e-01
-9.171214648955393345e-02
1.396425293191776440e-01
8.923478399767653668e-02
-2.339844367619687421e-02
-3.110132823167613067e-02
8.578307385568637033e-02
-3.730467756992953549e-02
1.264275180701398826e-01
2.726761573399081109e-02
-5.413344970392171968e-02
3.118430454994577591e-02
-2.833327477589355631e-02
1.636056964250062057e-02
3.934769787617347497e-02
-5.841050680816126800e-02
1.324138684106922759e-01
7.492219591297648307e-02
8.859606538896365457e-02
3.160588719557458088e-03
4.790626088506092645e-02
7.895067634915413357e-02
1.261939628211848907e-01
2.813714600919091369e-02
6.842108602363962400e-02
-7.670439422534551521e-02
-5.737943527789873821e-02
1.224371635295936900e-01
-8.884884994764404020e-02
-1.177084270211364303e-01
-1.005773495052895844e-01
-5.521040436016628463e-04
-1.492879572748713746e-01
1.860315156137808471e-02
1.122191914700754328e-01
-4.444831288375272749e-02
-3.568353107477805625e-02
2.328976144217014595e-03
-1.215273310033040260e-01
5.942615257497949749e-02
-3.915862094032980523e-02
1.668322002292218359e-02
1.201833591369527998e-01
-7.531748834495712031e-02
-3.826902279094798742e-02
-1.998398817183827392e-01
1.019231442525088543e-01
-3.167164985762603146e-03
-2.234772530491010434e-01
3.350273911529468712e-02
1.969661831969739263e-01
-1.888658622380789409e-01
4.627203700784421336e-02
-3.446113310102743438e-02
-1.128125972588047560e-01
5.684710289308847475e-02
-7.132276184650432338e-02
-9.419094148796043620e-02
-9.351715704361000803e-02
1.205532642305770369e-01
-6.102337469142539439e-02
1.179403939508403762e-02
1.624781625122287410e-02
2.775931006289174621e-03
4.632812787387016740e-02
-1.197208006412489763e-02
8.453379832931717797e-02
9.602488974854411774e-02
4.951555241626792031e-02
7.985927581872298564e-02
1.731862397984532467e-02
-1.519921691635383598e-01
-6.324085013475479189e-02
6.517238035192178536e-02
1.120699351608916705e-01
1.491654171518789693e-02
-8.265387013339885180e-02
-6.266495014585450607e-02
2.193617808602436048e-01
3.508991023295072401e-03
6.336126433016199544e-02
9.637993283213303064e-02
3.472180250063168494e-02
-4.790937440061115299e-02
-4.222402113208815685e-03
1.242225480892764911e-01
8.715140796701801446e-03
1.371457060415947615e-01
-1.122910194203860790e-01
1.171390555760137009e-01
-1.421972494883334825e-01
-5.015394390355641663e-02
8.365214126206882428e-02
-8.101409906070176914e-02
-8.680963371459083852e-03
-1.264044517366379183e-01
-1.474711974302149731e-01
-1.235874663972761356e-01
-3.017487364354443785e-02
2.011503184120176646e-02
-1.513880828533191170e-01
-3.608771322257005310e-02
5.837665728297505852e-02
-1.826530692116487900e-02
-4.613811566950177384e-02
-1.491882036961890423e-01
-2.144334174695644926e-02
5.578844616653935023e-02
2.673753774384568516e-02
-7.954483477997401075e-02
2.321965599539512481e-01
1.198012203430610795e-01
-5.438808642632361051e-02
-6.818665891871181738e-03
-1.177600074214641412e-01
3.771997641419114200e-02
1.625814704248503550e-01
3.020787895584079452e-01
3.536986695600690539e-02
4.782267052697578014e-02
-8.481339063246197407e-02
6.000633767116818340e-02
-2.067517214474748899e-01
-9.985288563024735664e-02
5.193873265481485646e-02
1.280600392963986423e-01
2.206488847516513765e-02
2.422773061431051506e-02
-5.476261323069609582e-02
8.830716270811200808e-02
1.375352674069872105e-01
3.512766746886058274e-03
4.253450331553700059e-02
8.779624223762048929e-02
-1.124639665008201200e-01
-4.141668577639494656e-03
-8.934447692480552983e-02
1.214389692023735978e-02
1.372970694914932843e-01
1.616545681704115861e-02
6.690380585992335497e-03
-3.094942796873973931e-02
-2.199689247240023404e-02
1.245489650186602099e-02
-1.816552234164742902e-02
3.159295323374936015e-02
1.415008626288686289e-01
-2.996835403677341331e-02
-1.337911210504798554e-01
9.871178685717260648e-02
-4.530289055698649703e-02
7.444736987750567858e-02
9.634237644159789060e-02
4.395093120459611993e-03
1.937251199023614368e-01
6.452178703458801880e-03
-1.204239485475193522e-01
-2.118339622290213720e-01
8.441570705715382636e-03
-6.057205929443927606e-02
3.638816298994910353e-02
-1.295778417188417908e-01
3.121772724655697342e-02
-1.028239308076662854e-02
1.454897017386616032e-01
-1.697880856040189512e-01
-5.883145606210511691e-02
-5.136711829576033270e-03
1.067313452701755677e-01
4.179780556562155691e-02
-2.170663106474592652e-01
5.450544125733659470e-03
-2.938950988857937877e-03
1.556891426230867237e-01
6.784330894881811756e-03
-1.685097617446582041e-02
-2.503069100178078113e-02
3.395196045685405783e-02
1.344862688535672368e-01
-7.473164282472198605e-02
1.110146949464750898e-01
-9.658739654118808637e-02
1.270695537236508736e-02
1.135525642409796442e-02
-4.347440903515728539e-02
8.428926317453605543e-02
8.929361476320152313e-02
1.887344942869040032e-01
-4.211344428213188718e-02
1.338698055273039866e-01
3.993423211953760210e-02
1.480505952451737495e-01
1.237343525355780877e-01
-4.815567796318300647e-02
5.658942394138147258e-02
7.210052205271412495e-02
7.747548598270050102e-02
4.088501693923724499e-03
5.431788872659323864e-02
-1.395086948285468587e-01
2.449820248313144475e-03
9.934999047861915733e-02
-7.641842512457263509e-03
-1.166672034787638451e-01
5.900934766451305241e-02
1.209833884088220603e-03
-6.357279325491263511e-02
-1.991277080145892886e-01
-2.606452423471292690e-01
4.815892124198586227e-02
8.315165316963529785e-02
-1.989041943426884396e-01
1.256611595700580231e-01
1.220270320585146138e-02
-7.646724084104557229e-02
-2.962700502104470557e-02
-1.432261511346392124e-01
-2.320311882498656691e-02
3.473683607214984176e-02
1.043409765364425451e-01
3.750592922626034675e-03
-1.370237937938661825e-02
-2.331079988278693740e-02
3.726090449295375168e-02
8.683088528820341601e-02
1.398758002086979146e-01
-1.817449784251396472e-01
-2.978970206219339056e-02
-9.578959700632395588e-03
-1.780992678867507339e-01
-4.281773281908408078e-03
-3.547517621314683067e-02
-7.982293572981594143e-03
-1.204572497163263617e-01
-1.326070201322949726e-01
-1.194031766096806391e-01
5.491531092334734493e-02
-1.278928694629526130e-02
1.146003225843133938e-01
6.058743536770406883e-03
-2.126597075148568480e-02
-1.192197069231667184e-01
8.437455833021836882e-02
-1.196598108213360878e-01
8.002640500928630274e-02
8.323812824495849250e-02
-1.432266847099641915e-01
7.917094780758529571e-02
-1.242950751082328859e-01
9.984270929100726860e-03
-1.090370470360015054e-01
1.472349091938869037e-01
-2.369029076522054938e-02
1.220423001027735321e-01
-4.641052841339012025e-02
6.378452479590983326e-02
-2.964619533273176247e-02
2.374769882884577091e-02
1.146256551069652629e-01
-5.027391417271106361e-02
1.600660485556731905e-02
5.177591075624225075e-02
-9.866698372000068384e-02
-1.118374983116750612e-02
-1.494942311668152335e-01
-8.437274609719501439e-02
4.351875040864401634e-02
-7.918616909716136298e-02
1.279302055261966053e-02
9.461272833642948854e-02
-8.150647012559605886e-02
1.151563618849953813e-01
3.307390765924616421e-02
7.228800029703293106e-02
-1.927552281027381242e-01
-8.477374734564323278e-02
2.045138848872794443e-02
-2.450650507493431010e-02
5.252528309618397645e-02
-1.606917034725770799e-01
-2.243687995171010363e-01
1.014847363572457875e-02
-2.563852688714157030e-02
1.435510721604023668e-02
-1.392680022600677019e-02
-6.270069555870450007e-02
5.019411686105233056e-02
-1.687758095796570794e-04
8.261761620752983148e-02
-8.502111513161603185e-02
-3.598403968466881014e-02
-4.489031434939315390e-02
-7.072722776779554778e-03
7.515415665083811057e-03
1.816003122845776252e-01
-3.964308145400386590e-02
-9.517921415712865540e-02
7.186409373235132236e-02
-8.930070027945428979e-03
-1.884959403149000928e-02
-1.232398864072186198e-02
7.618022510987172702e-02
5.180972016249406169e-04
6.199713863122933988e-02
-8.342311111938291793e-03
-1.572286229311075159e-02
-1.095479509730062501e-01
7.837365371867764663e-02
2.073364811387768195e-02
-6.873044733569751152e-02
2.354582913921703796e-02
-5.518904935379971566e-02
-8.992824838742510818e-02
-9.781288963820740368e-02
2.794168351234657677e-02
-3.204126327017746412e-02
4.965583879768038084e-02
-2.344210628080274639e-02
-1.537328721027192424e-01
4.753184890587956388e-03
-2.201125786855590571e-01
-5.420340759539076653e-02
-2.554264193046306211e-02
-6.031028278763007899e-02
-1.259096026287198633e-01
3.216965601173869121e-02
1.014908186375147597e-01
1.400871278639546393e-02
9.190452590043318715e-02
2.240376291275997522e-01
1.958467215248535162e-02
-7.336374628867634029e-02
-6.775595240116172313e-02
