-5.807950446554598078e-02
8.293954185902843723e-02
1.097129178263222225e-02
3.707356952334835837e-02
1.090853669298373491e-01
-1.242926558967667322e-01
6.419358991349548293e-02
3.159833901100564391e-02
-2.980598223024687188e-02
-1.910119708331568106e-02
7.410069353540287007e-02
-5.966448325989721219e-02
2.120168815418765548e-02
-1.624839937402721909e-02
1.318898353621706099e-01
2.586749778762042346e-02
2.776857475279529558e-02
-1.805858294078590831e-01
-7.903429817217272335e-02
-5.367631709754248741e-03
-2.095133548521836697e-02
-1.483094500902084126e-02
-5.005399109332155094e-03
-9.436581425306689308e-02
-2.318696586752266586e-01
-4.656795398259876845e-02
-9.864314030916215836e-02
2.870966155979322310e-02
1.676053672844430298e-01
3.821171407623928911e-03
6.209418465975176382e-02
4.376129152371764815e-03
-1.284838530727595851e-02
4.162752392178125185e-04
3.850493478761890520e-02
5.102223632556274896e-02
8.465467323810341171e-02
-2.708935063746540153e-02
-5.054925551022096397e-02
-4.176941349490346372e-03
4.137204807210127094e-02
1.440568955549965391e-01
4.562128655446181374e-02
6.930540177913079025e-02
5.029278677575650669e-02
6.500218934668595006e-04
-9.471507743127682843e-02
-5.989227902421419975e-02
-3.392243282739522414e-02
-1.070721793217675397e-02
-2.039823778635019638e-02
6.976051034342072021e-02
-1.899512758959473122e-02
2.886783911068749667e-02
1.839720823896051627e-01
-8.756743275529306827e-03
-5.161815511113895111e-02
1.379547862925892820e-01
4.521357162403044638e-02
4.375399820365221369e-03
-1.501636850177930915e-01
-3.499699064667464998e-02
4.322244892253967324e-02
3.082554051375819767e-02
4.718024179525134865e-02
7.697031577019694537e-02
-6.460296215710406575e-02
1.411711142569846769e-02
-1.397753629861512858e-01
-5.606563479089161223e-02
7.113022958324238809e-02
6.132597917239294982e-03
5.938733326567269960e-02
-9.009398054176681603e-02
-5.187681923255493127e-02
-4.921118027649269526e-03
1.341252908095893689e-02
8.342328719818808969e-02
1.215662772803150909e-01
1.809694884028235362e-01
8.656327358531300253e-02
9.373089173534281116e-02
-8.072168675323539155e-02
8.305942646997197323e-03
6.283330477048351681e-02
-6.746652067733820146e-02
-7.955206059076559699e-02
2.831093610268164973e-02
-3.564195329488011738e-02
6.257399190151213819e-02
2.947636994515834968e-02
6.508315856567900570e-02
-2.593588972206405455e-02
1.338508166853391024e-01
-6.741985066291193707e-02
-1.255254062542495719e-01
-3.211854479659208977e-02
-7.590461830036904223e-02
-7.717222666646179896e-02
-4.196699284492348692e-02
4.407094971848619230e-02
-3.301206338395129558e-02
-8.709694789309098406e-02
7.441179041016908469e-02
7.090339145391025277e-02
-2.272199864489397869e-02
-1.766693356712611268e-02
9.463893078046707596e-02
5.772939853502900148e-02
2.464230635630846114e-02
1.447234349365289670e-02
-1.131580271180570030e-01
-5.649296320998619531e-02
-6.358026229075296187e-02
-9.763236448106576981e-02
3.427106866773460547e-02
-1.284258407256748391e-01
-6.837692382611862581e-03
6.475773229487789828e-02
6.861678921096052430e-02
2.873913922177576130e-03
7.148950898398871712e-02
7.567817348008566702e-02
-4.110700871785514382e-02
1.191994256507647315e-01
2.963036189072397117e-02
1.405756755950782373e-02
-1.035071552000848411e-01
1.112056079201023395e-01
-8.250421078445546730e-02
1.730855447896883018e-02
-4.098569467100841163e-02
5.150749319098721357e-02
7.086706822121727201e-02
-2.369593885076430317e-01
8.387571927974243891e-02
1.663714241518968184e-01
4.453763307720846193e-02
-6.828801110823189136e-02
-4.538933386795236669e-03
1.319602775292913477e-01
-1.065051501557803953e-01
1.413541063902368743e-02
1.545539786098958923e-01
1.883403430995329864e-02
1.251944694576453054e-04
-1.146515202923757415e-01
2.806958239682551606e-02
-7.658320555320388343e-03
2.084801094401627156e-02
-1.201072373574765401e-01
9.214402354196944353e-03
4.958961542526377220e-02
8.149744520166522788e-02
4.224550115080123736e-02
7.666293503720010560e-02
1.321878300612995827e-01
-7.905443177978514757e-02
-3.522336336623608372e-02
4.206790792979664406e-02
2.166259851295769881e-02
-3.338787309234297201e-02
-1.411226036345856842e-04
-3.498396431317924576e-02
-1.351526318923492176e-01
-4.520492314972250625e-02
-7.459891881974971273e-02
6.283213506473201218e-03
8.229697420468254365e-02
-1.104600410357871876e-01
7.882859276102271995e-02
-3.238335570470975144e-02
8.189496858219851017e-02
6.853390149850412116e-02
4.818964944603271183e-02
8.334195817461361594e-03
4.724871296635145546e-03
8.165376752190117715e-02
3.187835872668987047e-02
-2.055137120506655979e-02
-8.516916784922926378e-03
-9.762768704052958435e-02
3.651736516432999013e-02
-3.548185367042912264e-02
-5.431696503321066863e-03
1.279654859992693794e-01
-7.028087439595002983e-02
-9.230944671720167638e-02
-1.379801674206555112e-02
-1.109029020180809545e-02
4.819953918227283529e-02
1.034298957676454966e-01
5.777368327253485508e-02
4.985569993367219670e-03
7.903790141628277977e-02
3.125585720835285380e-02
-3.751427882787964491e-02
9.069272113531359758e-02
-7.709651289838662103e-02
-5.117886373607676703e-02
-2.107859001450453629e-01
1.608588286647337773e-01
-2.813611575586272978e-02
-9.821957568527769911e-02
1.319508286429460220e-01
-1.159043300678749312e-02
-1.698957648091366790e-01
-4.009511566097677740e-03
-1.361721974275949543e-01
-1.646250747202965617e-02
-3.001748728020985427e-02
5.750460496566735941e-02
-1.542321451416068800e-01
-1.011460034721655687e-01
2.382252032614813261e-02
2.037162466662726518e-02
-1.284601771243462816e-02
-9.008292951858261344e-02
6.625562084549048436e-02
1.530926407195400997e-02
-1.387951034667359029e-01
-1.439042225903079397e-01
-1.233189138312340838e-01
3.928412256457568252e-02
-1.053055302547473010e-01
1.242357708490797186e-01
-2.318475067657689223e-02
-3.023236715125816963e-03
3.063184273813003566e-02
1.242037961837694354e-01
9.548086850248570234e-02
-8.033847610177433096e-02
5.984644982226178245e-02
-1.613559273447128239e-01
-1.720416760797201586e-02
8.361283121301560373e-02
-1.887730970548948811e-02
-1.047786908515979665e-01
-5.739686912824852605e-02
-1.375018976518390876e-02
-2.530369997356845310e-03
6.970540952742321564e-03
7.146385968106820641e-02
9.177848289066371790e-02
4.899878300955302218e-02
-2.053490915330807159e-02
-3.544277839880523393e-03
-7.972235316087826484e-02
-2.275251680176771860e-02
-6.590421327922552086e-02
-6.846901795979462579e-02
6.345139836641620901e-02
9.800465278320917573e-02
-4.783551681583621262e-02
-6.721808999912597116e-02
1.185067916259121140e-01
3.773232811061185549e-02
-5.538326092216647872e-02
-3.177290078851543326e-02
-5.166917319226890098e-02
-5.066313424304973861e-02
8.060063397416696029e-02
9.309964468521775630e-03
-6.094366907005512729e-02
-3.582652981579206863e-02
1.386197600415703564e-02
1.791840784589469535e-02
-6.060758221453388687e-04
-8.661461187989791255e-02
5.784909612154991165e-02
-6.630455685156583234e-02
3.513239546604057101e-02
1.456071063443984959e-01
1.047822098240450001e-01
-4.374587163833846409e-02
7.935695061361582037e-02
1.460372700324365745e-02
-2.249431797492060237e-02
6.498175878430517693e-02
-3.741986770132389728e-02
-3.404036606496002593e-02
3.296284874745711302e-02
-2.786452705063588442e-02
-5.744535384473540424e-02
-5.814787254183773069e-02
-5.528479660974638970e-05
-5.276724456882508213e-02
4.295426707826227597e-02
-8.100957653435018890e-02
1.622739649715785118e-02
-5.059946629802983958e-02
-1.576358485448713792e-02
7.849721113881218126e-02
1.525003941932700502e-01
4.317765709333841462e-02
8.319515617874534072e-03
4.266386946534002356e-02
-3.733629460633698660e-02
-9.835395757879791812e-02
8.879646478147035227e-02
8.186604691881403661e-02
-8.755300638859958573e-02
-4.704644688383588513e-02
4.131703980987441044e-02
-1.058783039491717828e-02
4.509726074644045818e-02
6.374788980221729462e-02
-2.767471779476340238e-02
2.651398080750522190e-02
4.855650377738338075e-02
-3.030334876557027116e-02
1.558574945468524098e-01
-4.998412187015902064e-02
-1.142978789185275165e-02
-3.067889640222625641e-02
4.975806403450799831e-02
-7.218259083991372671e-02
2.425168065707731385e-02
-8.432519967924759219e-02
-1.366022139225840475e-02
-1.353096575420168791e-02
-1.571711240048822844e-01
1.128339995757861175e-01
2.882761926157337284e-02
3.945195591112699018e-02
2.789029148405287178e-02
-2.331984353487417949e-02
1.622192836550309658e-02
2.796406357901467729e-02
-5.079961716630516932e-02
7.743285361329706185e-02
2.725451484051720150e-02
2.930679714626885368e-02
7.629760853567245371e-02
8.997982796541956207e-02
-3.617982928825769218e-02
-6.123968368706768708e-03
1.100900964292261114e-01
1.473491222399069163e-02
2.690568051076154543e-02
5.898685007492397020e-02
9.883979712159830788e-02
2.546857795261498608e-02
-2.915158052719382664e-02
-8.158624816470158581e-02
-2.757266652941038274e-02
8.340629736345317458e-02
-3.331215107417249965e-02
-6.445835608094114579e-03
-4.777321433483965041e-02
-3.325430801354758992e-02
4.742839486447458786e-02
-1.715324443272639721e-01
-6.186690631652109335e-02
5.577705091357867268e-02
5.652609200501312187e-02
-1.744345214458269400e-01
-2.409970630475377976e-02
4.156301287105317738e-02
-4.111527069920108135e-03
8.209636907192706390e-02
-5.949727159501647100e-02
-3.561432462501838009e-02
1.190348064379303204e-02
1.059329361611112547e-01
8.435222488778287842e-02
1.247309610542652464e-01
4.405861716934154210e-02
7.926881478775242573e-02
1.783259186636813182e-02
-4.159262394458687617e-02
4.958205056489441848e-02
-1.846055130971200817e-02
5.267826109082104913e-02
1.599792674860243402e-01
4.936047490060196247e-02
4.083122210352423120e-02
-8.394026392381358226e-02
2.092176623828552028e-03
-1.702684837752852787e-01
7.003434038826263086e-02
9.240816394305090276e-02
-1.313524473818092897e-01
3.112231552972224134e-04
4.914819334403758289e-02
5.370737200008023765e-02
7.939784313023777115e-03
2.920292003562100381e-03
-1.401011187013650669e-02
2.740810312968519624e-02
-4.042087848506079051e-02
9.276066537245253318e-02
1.093045126786794247e-01
7.179802957021209908e-02
-1.583032823553021801e-02
-1.938298615688062720e-01
-8.147509031277146499e-03
3.339166672619583304e-02
-1.672798411959016199e-02
-1.081440012268863188e-01
-9.317493013565202389e-03
-6.441277393982149102e-02
-5.668935047450341519e-02
1.278140736575121283e-01
-3.878669435050888931e-02
-2.529637055953899705e-02
-1.393772500477795384e-01
2.047061229684133538e-02
-1.659021697070105217e-02
-5.161545606755327947e-02
-3.277001647415785091e-02
-4.411801424119341647e-02
1.061264008356479632e-01
-3.286227796392175368e-03
-1.962686923440322417e-01
-6.199434521339671628e-02
-6.687635046597290023e-02
-4.698526559381185908e-02
8.000373264718044219e-02
4.256293315659617077e-02
-5.846545236903680220e-02
1.324621583773762275e-02
5.674147225879704048e-02
-1.170782085982405296e-01
-2.934963227895145965e-02
8.576774842105548691e-02
1.983756705328137623e-02
-8.711192850492975939e-04
1.607264472633338024e-03
-6.239847416501572569e-02
2.430167614395961281e-02
-2.752610231170738928e-02
1.219521859341119729e-01
-3.739338583701370955e-02
-6.652465778834568133e-02
5.827406674056942459e-03
-3.221416996486566042e-02
-1.718547933722904819e-01
-1.103045050824813696e-02
-5.588610175687160064e-02
5.304802680425256545e-02
-6.621870057761237993e-02
5.687928811530273618e-03
-4.281564921208612720e-03
9.870290757743911333e-03
9.721627439864451159e-02
1.306492541035156885e-01
-7.183898348544785761e-02
1.682361685027301268e-01
-1.510655195119822158e-01
-3.789111739436885895e-02
-3.783594880678978895e-02
1.084412735772793263e-02
2.922186598358990708e-02
-4.755581315832575068e-02
8.733625568909650361e-02
-7.758299353890549255e-02
-8.932316798832910798e-02
-1.330187345622916824e-03
-1.666005142703314013e-01
-3.980733889733333031e-02
-9.822305064621043857e-02
-1.450011340233806623e-01
-5.431938724642117189e-02
-4.208152370696138789e-02
1.868926326623834844e-01
-6.242245215247257256e-02
5.582221015164993971e-02
-9.368387725466795213e-02
-8.711462951009874001e-02
8.251787944805005770e-02
-9.235284963184363372e-02
1.696646765882106889e-01
-1.256238939719056882e-02
1.152347559667795882e-02
-1.412887156336450067e-01
5.569560718078111344e-02
4.598494634348312959e-02
3.261684270761879695e-02
-5.715158216131903390e-02
-2.570585279127780495e-02
6.566851900779888118e-02
4.358400801636552052e-02
2.006614349190357152e-02
1.710089905194615567e-01
1.162109799593775417e-01
-1.310018359661947740e-01
-8.938335697386892709e-02
-8.695790767514845199e-02
-1.437237945802945921e-02
-2.106952119664971118e-02
-1.523287757288225262e-02
-6.240906391017553290e-02
-6.566782876192897578e-02
1.408596653916511510e-01
-8.886102990849684136e-02
2.170154859626006322e-02
-5.151964243281718925e-02
-4.107749610328174927e-02
