-6.227460304056302992e-02
3.821408167116330246e-02
2.559733802379939860e-01
-3.996150283569314260e-02
2.451720831785379057e-02
2.963677395216804747e-02
1.426338368436507430e-02
5.561647368872249531e-02
6.799009501461465710e-02
6.720321230289710845e-02
4.183865597666765190e-02
-7.944161541960224893e-03
1.447828653937914545e-01
-8.233051147173917061e-02
-3.068274115601944685e-02
1.818693844075972288e-01
-5.147535395136902669e-02
-3.369364732547937280e-02
8.120339498964868410e-03
1.282645182000255110e-02
2.530311734628806764e-02
-5.259208862990935596e-02
6.651596834409947978e-02
-5.767681824495813486e-02
-6.009712396282528707e-02
6.598419685025144581e-03
-1.021356948040763948e-02
-4.789904835032283287e-02
6.194960560943658934e-02
-6.052580106621375383e-02
1.664122007371937259e-02
9.554512609234888654e-02
-3.360000004036819976e-02
-6.054549384934829193e-02
-1.050798318958541949e-01
-1.134502445397131548e-01
-1.011682398950305289e-02
-1.597973932578561351e-01
1.011881510451487914e-01
1.828353489073707150e-02
-8.278626214826026453e-02
7.901749476771868785e-02
-9.875611073612534929e-02
-1.413231682951062718e-01
-1.066774864181167931e-01
-1.496618761865899962e-02
5.689514881404870994e-02
1.530123900814325463e-02
8.852387015418980085e-03
-1.369740870899005362e-02
-2.580080378545520498e-02
-3.549670604105051308e-02
-2.867927747507229355e-02
-6.278838236887379631e-03
-2.699376921318576497e-02
-9.909440888892782906e-02
5.091903740746207829e-02
-2.242942087307572135e-02
-5.826954211642294476e-03
-7.769752538085811233e-02
5.819559332415961267e-02
5.523646714223388876e-02
5.242418951274382261e-02
-1.742772074436334806e-01
1.566811753777334199e-02
8.721213237206634772e-02
6.772916617000104833e-02
-1.283584098216237167e-02
-7.988492572398692149e-02
4.553249066960865510e-02
5.598561925760351526e-02
7.082423842470389475e-02
-3.291864131871258259e-02
2.794100860473730866e-02
5.327305968208567027e-02
5.251375892399629680e-02
-4.028330129639504098e-03
1.005281232560612109e-01
-8.048415501689415441e-02
-1.478862549680322325e-01
9.599542040600249349e-02
-8.162176600676691873e-02
-5.559196120153147604e-03
-1.031085538089671905e-01
-6.924339713882732283e-02
7.326470147374085362e-02
7.600001445606094364e-02
-5.714019773675000670e-03
3.199526232171814172e-02
-8.585349027205384231e-02
-4.418168159224778423e-03
-2.749052671996411300e-03
4.043490747832133303e-02
-4.802877218617747357e-02
2.826348976588815426e-02
3.917238987828407931e-02
-4.384008922464925628e-02
-5.523655651618768897e-02
5.391702774185678842e-04
-1.359633896107405836e-02
-1.966551066297956077e-02
6.990820842528085166e-02
-2.308430212782454014e-02
3.125103787612888706e-02
2.033974102106887380e-02
5.613503175906585894e-04
6.199742448027002056e-02
-4.934432001466113743e-02
-1.050878770856397970e-01
-9.455661824788051673e-02
7.478750460275863585e-03
1.969592366821521223e-01
8.868883667277446814e-02
-4.931360358113808656e-02
-3.201222285474986107e-02
-2.312505343786230502e-02
7.686905904380407495e-02
-4.567796003553414863e-02
-7.134262073410393978e-02
1.253634286807595866e-01
-5.743922377647301541e-02
2.499018668792473905e-02
7.414449360569425052e-02
-3.328209415902591561e-02
-4.688079348025409043e-02
4.220602147446804453e-02
-1.584286270284016307e-01
-1.480671292321674402e-02
7.742203284234928928e-02
2.241785281293117577e-02
-1.322063376433569269e-02
4.289281616926102908e-02
3.151249783256029890e-02
5.160995173877647169e-02
7.653551200467502424e-02
-1.077316795658193015e-02
-8.099070948220585264e-02
1.007629518028146515e-01
4.406856939882691088e-02
1.434143234793217384e-02
-1.517691012127437948e-02
5.490463196253341643e-02
-8.405054584663469719e-02
4.310886353884566501e-03
-7.471278793632897541e-02
-1.033169000494928574e-01
4.023179273544719853e-02
-1.508803455655047809e-01
-2.427856744486495133e-02
-7.961081357685854953e-03
-9.227092830607515339e-02
-4.915048763388272374e-02
6.705392759155541504e-03
1.169370293443324632e-01
-7.064290372468838564e-02
-1.405769539571151416e-01
3.480789791556467699e-02
-4.781545113075261200e-02
-2.213550832843881860e-03
-1.072645025778591089e-02
-4.040195954097085262e-02
-4.805498400749051192e-03
1.620181195640833793e-01
-7.410923277489977860e-03
-7.727855800587604684e-02
-2.813709634809450407e-03
7.054153594247707104e-02
7.758281300702801753e-02
4.353873911464831853e-02
-1.007765497651087611e-01
6.217009020764449612e-02
-5.712331678472507002e-02
7.974278759584231893e-03
-1.368471205135629587e-01
8.204584848328161373e-02
5.417153756221562699e-02
9.592324597622446658e-02
-4.470227078106880914e-02
-1.347985326540686313e-01
-3.265850020554807165e-02
-1.157581535947620720e-02
-1.363575834071106482e-02
3.225009476507921524e-02
-1.290702934643704891e-01
2.540826910769954372e-01
1.185584270824754094e-01
6.202510322514431101e-02
1.022662296781281371e-01
-3.455724672164572908e-02
-1.829611927037420871e-01
5.491310969211438825e-02
-1.172504992215222530e-01
6.641068335565589176e-02
1.492790458111964980e-01
-1.885074562135271442e-02
-2.655155735385441793e-02
5.339689274794906515e-02
-8.750997435412229131e-02
1.690323746118613246e-02
9.158587769054227223e-02
-4.522617490322245089e-03
-6.015200469929526256e-02
-3.789039357886726800e-02
1.101638901497916734e-03
-2.189045500908495812e-02
-4.112311964553607563e-02
3.635373582118734542e-02
2.367917052662655772e-02
-1.709688578675581244e-02
1.489687538991054695e-02
-1.344968469138395073e-01
-3.840843414311476828e-02
8.425112937064399565e-02
-1.185209098057041638e-01
-7.126988600937321505e-02
-6.087871865965942264e-02
3.595653867672908566e-02
5.280665160259288837e-02
1.827554171852380574e-02
1.044671578946145263e-01
-1.124290902825746674e-01
4.222710061710804614e-04
1.036129784099250467e-01
-8.945267059508599239e-03
-4.670006294331484342e-02
-2.117210175648329834e-02
2.520003399103842162e-02
-1.352229318837842031e-01
-3.026266913594423749e-03
3.475883453416609564e-02
-7.386657758268072582e-02
7.497185267257731878e-02
1.234782987398716850e-02
7.412461827344956830e-03
-6.241234621562616325e-02
8.644371035623807376e-02
-2.293644453063497374e-02
3.983349885521116074e-02
-4.568473374064820069e-02
1.812912909369952807e-02
-1.970928529715066380e-01
-9.401645207644510061e-02
1.916822548503244530e-02
-1.952231631189831063e-02
-3.263666741110630033e-03
4.567126526850653206e-02
9.127877994841793186e-02
-4.680090107111634264e-03
6.701686589549375739e-02
4.300775965529708700e-02
-1.609439842593216596e-01
6.774511300070881759e-02
9.349707122071376081e-03
2.011816537132884997e-02
1.030785683630299487e-01
5.593953686553779919e-02
-9.364760615062507620e-02
-4.391548417131532767e-02
2.118841180256918113e-03
4.165304238880492699e-02
9.062570808142307241e-03
-5.932099504256738848e-02
2.236635705994596476e-02
7.435835031120413552e-02
2.772911671468955563e-02
-4.799111292228285669e-02
4.333485677775790988e-03
7.813441808300250480e-02
1.767346987284480059e-02
3.452501104875800586e-02
-4.001027190748768225e-02
6.049334195250051505e-02
6.504772239034979642e-02
7.966250510672612251e-02
5.017075883807647907e-02
2.009037222703878231e-02
-2.418355640488517241e-02
4.693371957963478336e-02
5.296301615455099865e-02
-1.053830379816990126e-01
3.695376426335894582e-02
-1.341393864348231282e-02
2.888710647571489723e-02
6.454817657454292590e-02
-3.446510661153388399e-03
2.850987163473298405e-02
-3.759356715948325434e-02
-7.808832445330540772e-02
-1.509830070545455614e-02
2.054755892359053440e-02
6.094097919641117828e-02
-3.233514267935688052e-02
-2.231307576733111003e-03
4.869437309620278792e-02
-6.338433451122670037e-02
-1.048634609478797663e-01
1.627633499065280279e-03
-8.825315694318833226e-02
-3.363602038120950405e-02
4.447519689725249609e-03
-3.362578995681089755e-02
-9.952151049843632746e-02
1.946417632018357033e-02
-8.928595874082650985e-02
6.718774628302594254e-02
3.544667084484068309e-02
-6.733460353370006313e-02
-1.994276613648852253e-02
-1.094280128819774683e-01
1.425293153175854512e-02
4.566443360295079773e-02
2.862852614564232942e-02
3.819560830734831935e-02
8.979996820707840388e-02
-1.080564274722654039e-01
-5.387286997847102327e-02
-3.057256730147303939e-02
-2.846181520664715567e-02
4.176129479526268645e-02
4.515037727533596779e-02
-7.328836431030250065e-02
3.591541904190923701e-02
1.899880534717793626e-02
-3.639968167518313480e-02
-7.654584451355702680e-03
-1.074310923669075379e-01
2.138993702117333515e-02
2.551826016134430691e-02
1.242855063999807712e-02
2.202609099829843861e-02
-1.090090036815418439e-01
2.024313045934803337e-02
7.421871691984312236e-02
2.943681793274936787e-02
-2.403043778083891954e-02
-1.050132668003714992e-01
-5.629669348039204047e-02
-1.628475690498333850e-01
2.445555975424182002e-02
5.002378216839824254e-02
1.937022774257740054e-01
-1.573164062462794888e-01
-7.637574543734937382e-02
2.215061952024854897e-02
4.491133279573394400e-03
-1.285948224393338446e-01
1.565697189601990835e-01
-9.404326587637990009e-02
6.612561558376889304e-02
1.036221088405293173e-01
-1.263465169127662036e-03
2.156091073541967218e-02
-3.597410456533688128e-02
-9.166499334632088880e-02
-8.849936482004099048e-02
-5.569658881956091392e-03
6.550353779935427778e-02
-7.648684101953559522e-02
5.011118803874769351e-02
6.268752828079436623e-02
6.473349103162616414e-02
4.292320065065164530e-02
9.984693071006733867e-02
7.376528830759043753e-02
1.377917583806549488e-02
2.601908049837164949e-02
2.829128347868083843e-02
-5.590198077052257325e-02
8.927412518086666471e-02
-9.041835274424026058e-04
-2.210711282004341680e-02
-5.647336123733022462e-02
7.492265214818999430e-02
4.570395114369375095e-02
-5.060390987909400666e-03
1.266513320181355401e-02
8.833723781461765012e-02
-1.593569317818811087e-02
3.284418445115018081e-03
7.291505918409282860e-02
-1.187739164522806229e-01
-1.388461931119966755e-02
1.026007502520957099e-01
5.380916514147481879e-03
-3.598760672674708450e-02
-7.158934433190188018e-02
-5.444440877698435849e-02
4.947745623258680003e-02
6.858371137042558463e-02
5.367788087698645988e-02
-3.108207743155988467e-02
-1.635807902236499634e-01
6.501679090233536407e-02
-8.130725374101269165e-03
-4.891732971121876689e-03
-3.414421580415672591e-02
5.727385385360506120e-02
-3.968959570078888638e-02
-1.291333322222811275e-01
-1.111559690068057715e-01
3.520114470347737723e-02
1.321249644379665633e-01
2.576685173356939654e-02
-2.108139186758416911e-02
1.055473768206707241e-01
2.144441190776683742e-02
5.415304929743688239e-02
1.245268274356658295e-01
6.248194123879609319e-02
-6.966942928624470129e-03
5.782180104941458260e-02
-4.865031842749019397e-02
1.932196408755946365e-02
-9.503904002681669641e-03
-2.837947366387632078e-02
-9.554877319093613153e-02
5.283944714742871973e-02
-1.911697902321847775e-01
5.684739462772420496e-03
8.142506175204362873e-02
-1.335892873521855873e-01
1.364949320181662873e-01
8.238283072661603534e-02
3.877773036609319379e-02
-4.322171018936062092e-02
-7.184178188629361528e-02
-5.793272628823910309e-02
-1.261595028178172928e-01
5.158307706268323162e-02
-1.438144333126047981e-02
-3.171085077611956321e-02
-1.180518547186932589e-02
-1.903036507013369238e-01
-5.985511448407703633e-02
-4.847523429897882333e-03
1.056085875067899055e-02
1.590254044773832809e-01
-8.219997712447432367e-03
7.756249578687506030e-02
-5.175206953395352499e-02
9.836612930921076123e-03
-8.055762284703546494e-03
-3.184655750203586183e-02
4.364226055663330411e-02
3.791328930838526456e-02
-8.112513667030238351e-02
5.274688924494042030e-02
4.772512681618703428e-02
2.334132370007041893e-02
9.429236681833855563e-03
-5.312079131113723457e-02
9.489772063046049422e-02
-4.889319672739915468e-03
-8.278245820475600703e-02
6.520450931018748064e-02
1.386794770463359305e-01
-4.371899264906600052e-02
1.822087165262241126e-01
-5.538923468911845921e-02
-2.141549626104446297e-02
-8.874802419147832799e-02
1.792581284888157198e-02
2.257708415126338450e-02
-2.523214680027252577e-02
1.880032672390817214e-02
4.083551956440564790e-02
3.184351235689086151e-02
8.859287008947115682e-02
-8.411923197210621067e-03
4.694084768406751873e-02
-3.713959176038660048e-02
-6.020684722472333106e-02
-1.567523909299695442e-02
-1.080968907131155989e-02
1.010645015399876806e-03
2.260954742986453960e-03
-2.369178950416435739e-02
3.460251128321253922e-02
9.250911998876246156e-02
5.555531935122736548e-02
1.463086888056126800e-01
1.739331958505471731e-02
6.355372895179275949e-02
-2.540421539106006710e-02
-8.753596817910845596e-03
8.130455412641648949e-02
-3.590815768991872242e-02
5.486715284321934394e-02
-5.983255071686800763e-02
1.446270212644115011e-02
4.544856475116819394e-02
1.402429940609299097e-01
6.355761423255823495e-02
-5.025341965471699646e-02
8.614493724779576089e-02
-4.217957373749265521e-02
-7.350793320442712553e-02
9.900431313863627958e-02
