2.623117629368037704e-02
6.051190340795540440e-02
2.803376635424391014e-02
-2.682862528168972801e-03
7.920009147674539340e-02
-1.388777804433280749e-01
-3.056983408087838097e-02
4.963412204403284261e-02
4.322269876214619722e-02
-1.251545263200188468e-02
-3.531890468893629509e-02
-3.541970511990621961e-02
-2.886406557170447321e-02
-8.259047881382522438e-02
-1.694355732655013561e-02
9.295660023340825140e-02
6.561823499473351529e-02
9.796388863948050918e-02
5.664778375116491516e-02
7.196718541899840837e-02
-9.773077329537684099e-02
1.101264881713461125e-01
1.118841444781713684e-01
2.318560098942138575e-02
-5.835105128480048975e-02
-1.207821190284424639e-01
3.619064993553885827e-03
9.553688965445240877e-02
-4.399753771240132866e-02
1.245062039501236700e-01
-4.615040928559344113e-02
7.736314142806136052e-02
-1.936975862268151480e-03
5.059615976227233719e-02
-8.857193940601430782e-02
7.588520628348699448e-02
5.932917594507462755e-02
8.634025944482908582e-03
1.739981119896527040e-01
6.051797631187862125e-02
-3.584369030705100712e-02
5.090893982715754412e-02
-2.402230920612984447e-02
1.053125044721504866e-01
2.736476170804173422e-02
4.371777520672063405e-02
4.842755489173556499e-02
-1.303899586372788202e-02
-3.507127807352265064e-02
-1.728198952062835053e-02
5.748063272651419281e-02
-4.744649672580429633e-02
7.563984018527425413e-02
-1.203158189730661881e-01
-2.950593561972148643e-02
5.548174442920280475e-02
-6.378049276920585639e-03
6.287460476603870876e-03
-6.247160630381946161e-02
5.404401881366963090e-02
1.145995777134455225e-03
-5.976147840880713380e-02
7.221053921035244794e-02
6.009998851413422306e-03
9.759655761722575706e-02
2.648102764683654686e-02
2.504747133452497887e-02
-1.164470824882927052e-01
-2.234566792837520272e-02
4.745505377633189165e-02
8.105892636668601825e-02
-2.527622763347348034e-02
-1.606456724546573636e-02
9.713059922919525802e-02
-1.315983405538080631e-01
3.283559334507878125e-03
3.410096831834999453e-02
-3.116510405915022194e-02
-6.571824672636894515e-02
-1.638061063361548331e-02
2.226363948448449245e-02
5.740049615810530886e-02
1.993520172292355050e-02
3.075534482086934168e-02
-1.561866589205202459e-02
1.113296410907804457e-01
5.554359273488601589e-02
7.658422686131901094e-03
8.114923064027484978e-02
7.040043578527710455e-02
-3.701019712815091511e-02
6.954478176993152128e-02
7.801382136802496869e-02
-4.360192202073540774e-02
1.569756732999416371e-01
-4.901316135195534635e-03
-1.079974185569032297e-01
6.280886228570772833e-02
-9.895324123953880280e-02
4.199079678178402331e-02
7.918218594713632985e-02
1.029003978900575877e-01
2.340931099699545756e-02
3.251753681266397744e-02
1.049411172407439807e-01
3.099075433530643769e-02
5.631170241537438587e-02
4.880099958142376793e-02
2.817468808102839908e-02
-4.654313350873089811e-02
-5.198608023686277640e-02
1.500488489316117308e-02
7.396045627851376147e-02
-1.542008053816494324e-03
3.482568567332209458e-02
-4.617649063033910789e-02
1.688817047871443988e-01
-4.349871345905102250e-03
-8.585010091386910749e-03
-1.069614775708130766e-01
-3.939615127108477693e-02
-8.831318150215856921e-02
-5.878745343157379399e-02
-3.717359930505287346e-02
2.433550760638783853e-02
-8.204780761372953979e-02
-2.331778954060021170e-01
-4.448921503257816795e-02
-1.025979396411557387e-01
5.281607560629340142e-02
1.869403933238926408e-03
4.075876501968640243e-03
4.145151548436835920e-02
-5.351820867136558926e-03
-3.435304610213552046e-02
-4.800820634657258952e-03
8.055233184115089679e-03
9.843322129409398658e-02
-1.231957270009711169e-01
-3.452439967078330812e-02
-2.309442492745904241e-02
-1.415139945885618145e-01
4.484283751072812296e-02
-6.688097040186419262e-02
-1.626493693639923617e-03
6.335812333770965421e-02
-6.244863886262635999e-02
3.095988960170158524e-02
-8.604399133131668265e-02
-1.411305620034794192e-02
-8.681493214534083402e-02
-3.461451004632559725e-02
1.240558975478310740e-02
2.096744529015838812e-02
3.063948058041429320e-02
1.898643096418150267e-01
-9.393913252745393627e-02
-7.924487189015314015e-02
3.768059816237253473e-02
6.470719135357073937e-02
4.618825860945805634e-02
-7.529162666345902422e-02
-2.517037793981823438e-02
1.155154777270334249e-01
2.876378843818964276e-02
1.406923233211793689e-01
4.472127306841324618e-02
5.288333420671809809e-02
-8.519935849163588759e-02
1.870554618979298686e-02
5.936402911824935347e-02
-1.115338042439086713e-01
1.176141958698982415e-01
2.269947411649576308e-01
1.218894900226085432e-01
7.653701986036726135e-02
4.445143106481117684e-02
8.437974756546676169e-02
1.182593985604960402e-01
1.804648055528663628e-02
7.915359331367706475e-02
-3.092870495615145793e-02
1.857990827877342363e-02
1.246203738344175138e-01
-1.572041891642930456e-01
2.673314274410285019e-02
-4.533966202078357904e-02
-1.673549430786028941e-02
-1.691310145776000334e-02
6.212192040980046848e-02
5.916795518936700249e-02
6.368414868706365195e-02
-2.457851078807870085e-02
6.617588091662685024e-02
3.402037339053672754e-02
-6.935147417063645958e-02
2.894486803389739044e-02
8.282734528003130037e-02
-6.646911379727908631e-02
4.800486820779843039e-02
2.278992909302309314e-02
1.037443453009529448e-01
1.106484778590489104e-01
2.471263090526967798e-02
2.834926182453114188e-02
-6.246725102453484779e-02
9.815221002424380503e-02
-3.350668479185208663e-03
-6.560030795418073969e-03
-4.933090041244365780e-03
5.643314076685019415e-03
-7.838053462395407067e-02
-4.033381351663615361e-02
-8.074823166885122805e-02
3.028198117771055062e-02
-5.127770565368145600e-02
6.388926758896541769e-02
-1.525673020694926288e-02
2.898873653626474547e-02
3.623448036997173327e-02
-1.699325189442159670e-02
-4.926586067272100550e-02
2.324933542245622917e-02
2.363378871312448934e-02
-7.364180353355183339e-02
1.040752356862059830e-01
-5.827797236301104911e-02
-8.521612027761564512e-02
2.002073299019770103e-01
7.263512687271368902e-03
1.198861099339837838e-01
6.572152144248104289e-02
6.466650354951376800e-02
-3.390574778082572349e-02
-7.241515089912665959e-02
-7.316977077675816676e-02
1.632356908761312467e-02
1.090937973751391482e-02
9.771028695377939610e-02
-2.893945959827561379e-02
5.390074322347600949e-02
-4.071107728922936098e-02
-1.151549734254987967e-01
1.005732534892328639e-01
-2.391979430761448713e-02
-6.003388213910965804e-02
9.406263177922716268e-02
-7.532804485975255412e-03
-3.384406766875795725e-02
7.416252096531841809e-02
1.218117842048756228e-01
-8.869624484034131784e-02
3.889233860187439606e-02
1.906885350734088824e-01
-1.113181963544794401e-01
-5.273991540773548953e-02
-9.932116786399483241e-03
-1.626272489372502031e-02
-4.279329173206120746e-02
1.003652399236771436e-01
1.069305607123017393e-01
-1.413077150646443181e-01
4.159409165511084722e-02
6.544778302412404547e-02
-1.332807527315101881e-01
1.209841575322239821e-01
7.139055715749059727e-02
-2.874305511524974724e-02
1.085110327371276162e-01
-9.048626811208276485e-03
-1.188659757062904138e-01
5.590266537533068736e-02
-7.232406587646894938e-03
-1.648713570284928570e-02
5.993295378150329672e-02
-4.590328495958926475e-02
8.564050175991423652e-02
-6.071395577033286695e-02
-3.435234659943477153e-02
7.319734277492453978e-02
-2.741694932814188815e-02
-1.069537691844307109e-01
2.776844672181075224e-03
5.828382540978643139e-02
3.151180243576252177e-02
3.953682127445978800e-02
-4.989051958319236368e-02
4.570649811340092572e-02
-2.320684466817186584e-02
-1.841655692380961273e-02
3.004206892575684434e-02
-5.393362932940229913e-03
5.728352617616655484e-02
-2.546549271796316044e-02
7.199855067081670223e-02
-3.071225076553147498e-02
3.768480774544580997e-02
-4.060638571440072786e-02
-9.053383712694818009e-03
-3.458069062322047943e-02
-3.178276803949818541e-02
1.255647117614542840e-01
1.882452673587327579e-03
2.743637935234927855e-03
-1.684667171658080567e-02
-1.361275354859171199e-02
5.815570940099491076e-02
-4.167478388056763960e-02
3.715341782218181677e-02
1.482570471361960851e-01
-3.168535403696761538e-02
-7.410181560128183131e-02
8.593340921040859559e-02
8.652625624817263106e-02
1.042217744271206527e-03
-5.063119410934963788e-02
-1.024992496739883518e-01
-1.332629237867780266e-02
-1.437151716480169483e-01
1.014078809466852776e-01
-2.425669613994964682e-02
2.001378697391458239e-01
-3.155094035584604661e-02
9.320932872719471518e-02
6.623491317636606701e-02
-7.254513726716778355e-02
1.362693906429783552e-01
9.151357816036889692e-02
-2.251985290504660009e-02
1.545870898867950372e-01
-8.671247528795754389e-02
-4.549918905442627143e-02
9.889956695994474301e-02
-5.439547060481825583e-03
-4.338129364672164284e-02
1.074880938076359094e-01
7.938754515230718456e-02
-1.123632161298409593e-01
-1.645068431926718366e-01
3.996095380061633756e-02
9.811450913205434221e-02
-8.964816903825652272e-02
7.849322750109895275e-02
-1.017309413649408606e-01
-2.819445447910778543e-02
-5.331163783761548591e-02
3.697955123446974163e-02
-4.108267610310801371e-02
-1.760993649930740410e-02
-3.933074957284219547e-02
3.959364740570340407e-02
-3.007533555379554580e-02
-2.543903200967251310e-02
-7.431498691807307544e-02
-1.078799276520576167e-01
-8.929423559189256232e-02
-1.466494790528914405e-01
3.576705553168237767e-02
3.336014204533250399e-02
-1.143995441390704103e-02
6.156474714440211132e-02
1.461333990370634363e-02
-7.563747967986363813e-03
-4.277620232083859282e-03
-1.723271398949374061e-02
-4.813546076989007327e-02
-6.775249821594435395e-02
1.713696146191877046e-01
-1.669782790046614451e-02
-2.269771877701820539e-02
6.303728522779197818e-02
-8.249062047198058023e-02
-3.646779314666381833e-02
2.394724488490846195e-02
4.921780886817425649e-02
-2.432115979256271876e-02
-4.967349253375891172e-02
-3.331773279462739434e-02
6.206857815625341224e-02
-3.078542343271178927e-02
-8.157284591175001376e-02
2.540152427526010462e-02
6.727002240019266943e-02
-2.205214413854373473e-02
-2.819973587630703049e-02
1.579684805056107838e-02
4.661946786044992436e-02
5.716556283086918905e-02
1.144055204123157199e-01
1.318946513453744113e-02
4.031769804920649208e-02
-8.801617024421955204e-02
-9.319488642512448184e-02
-3.132250497042195908e-02
5.566105808345139100e-02
-9.931968513437932147e-03
-2.784794643169721806e-02
6.751890829587922638e-02
8.078614552971492835e-02
2.000688384626589031e-02
-3.612510877708210305e-02
-9.140098673550631214e-02
4.888203108336054009e-02
1.231488455399739473e-01
-1.892466312012205110e-01
-1.750324742662320576e-01
-9.928007690930971268e-03
-5.371660156534324021e-02
8.390188425798203453e-02
-7.773169101815001480e-02
2.142168076161343401e-02
1.043497630224091421e-01
-1.071736406970135863e-01
6.239489511053392806e-02
-1.484844064907055172e-02
6.414989874620934118e-02
-6.428335505767228397e-02
1.111850417213677313e-02
-6.655585912063360920e-02
-6.906453748093539270e-03
1.081181014544692065e-01
5.525621559070030553e-02
-1.087609268063045170e-02
-1.310986229098529826e-02
7.371129681762893238e-02
-2.374675853482982602e-02
-3.397753357106312721e-03
4.015910901565990926e-02
6.711583220101874359e-02
4.389125733704104387e-02
1.045996783285245563e-01
1.048443349477986286e-01
4.189148864765375457e-02
-2.855156186618518568e-02
-2.341165389287003934e-02
6.133678853731713149e-02
6.767535110640768292e-02
8.797132918635110210e-02
2.581625187585131695e-02
-8.622427370528792934e-02
5.966901465834855561e-02
6.797163408007469987e-02
6.784620692021521571e-02
-2.595062324997805814e-02
-7.519943780835106062e-03
9.271630158056686985e-03
-8.204656981492410017e-02
-8.189231815193999051e-03
9.799048106057992036e-02
5.759697753290880795e-02
-4.558614097294111378e-02
4.216187414795084798e-02
6.026642748467228583e-02
-6.505029773465421938e-02
4.881521645819453248e-02
2.376926064461162835e-02
2.898697615279740084e-02
4.435916985214678060e-02
-1.425652744575197362e-01
3.308897602865516069e-02
4.563638696756755486e-02
-4.104291770447349164e-02
-2.975669540001919106e-02
-6.535936361083510837e-02
-1.621797813718953707e-01
-7.611577162966241816e-02
-1.156461594923824561e-02
-7.381882928101608787e-02
-5.245907877355288768e-02
6.619169257906971915e-02
6.549702940322978117e-02
9.877017038217962563e-02
-6.669610471712983206e-03
-5.054130654732782307e-02
-4.751101950358284885e-03
-1.197900523732789713e-01
-8.595036729771019998e-03
9.928692561063108546e-02
-9.654101093627168173e-02
5.458640876234441275e-02
4.009946700309098555e-02
-1.020632713499738387e-01
-1.184201469177402488e-01
8.911864703752674088e-02
-3.158347785620427978e-02
1.045048673868936295e-01
9.054086518903348146e-02
-1.139848361098353829e-01
-7.124859690453262673e-02
-5.152742617803590663e-02
-4.198744850210031632e-02
-7.217135541294307293e-04
7.924999179403058661e-03
9.276699008971420191e-02
-7.176173970123025936e-02
3.173797103152452975e-02
-1.147706262186939073e-02
4.957535047346668666e-02
