-1.100961614220314078e-01
-9.609009754034430117e-04
-3.648191910425736817e-02
5.347509693657407498e-02
-1.829078046595350102e-02
4.081081379799319370e-02
9.518591836250747326e-03
1.356928153308391560e-01
-6.563490066759089525e-03
-1.228864751956056517e-01
-1.310330298630584672e-02
2.896510871044696844e-02
-1.336603784336407585e-01
-5.666096302171699101e-02
-3.046804691035293056e-02
-2.652733120785090090e-02
9.343651416949025346e-02
2.449405684179331230e-02
2.339252415386240680e-02
-1.183294680993621506e-01
4.746934316747998539e-02
-5.200077022038787633e-02
-3.010231992378916560e-02
2.080740183240929048e-02
1.836959011998856584e-02
-4.449659796836163972e-02
-2.293828869744820101e-02
4.765593599801808307e-03
1.999496995992969262e-01
-2.099735132001601459e-02
3.618728881261652069e-02
-1.114571065346524337e-01
2.645739285435100285e-02
-1.471760888298423008e-03
4.524942373914900284e-02
-8.666320563647750275e-02
6.240304655611256940e-02
6.125579342796567961e-02
1.240568137137384730e-01
-3.033976839477792523e-02
1.189037864665263566e-01
-9.522065233277043905e-02
2.061518604685402128e-02
4.012216436051582041e-02
-3.011617182573759349e-02
5.804229673636056297e-02
1.065678212485996479e-01
-1.388015130590177781e-01
3.549543582105101763e-02
1.367032007768800017e-01
-1.077866261555430194e-01
-1.220389409683274584e-01
2.210902823455920471e-02
-7.611020234908376370e-02
2.429117804012615595e-02
9.394981421324964665e-02
1.612497188272833323e-02
-5.008542287721139130e-02
-4.258631166880569308e-02
-9.716393144190819953e-02
-5.109448192096466279e-02
-1.536716678077264253e-01
4.218140414043184544e-02
5.896972262489383332e-02
1.185178968165662566e-01
4.257320292866242917e-02
-4.463129244292016878e-02
5.755015325837143508e-02
-4.331752391408064812e-02
-1.797716395820650181e-01
5.746609065012655594e-03
-7.998604251328082781e-02
-2.251811366611829873e-02
2.061822241393223762e-04
3.478095426428152309e-02
-5.905856599239400762e-02
8.768677708358769973e-02
3.964510682272935627e-02
-1.487430133405130868e-02
-2.578855069630471217e-02
5.361416762328134744e-02
2.563535180026262419e-02
2.806417347503981086e-02
-8.387515872963396957e-02
5.352097418002270401e-02
-7.348011155050226950e-02
-5.066160079720592735e-02
1.184640750248939223e-01
8.136374813659233429e-02
-1.124131124417383637e-01
-7.379706115229443808e-02
1.218996393479600815e-01
4.643191106356611003e-02
-2.690462202890497520e-02
1.065758907789543103e-01
-9.139019364251073363e-02
-5.872196975232690103e-02
-2.664559267320656955e-02
8.454660859037736037e-03
2.039132974118379460e-02
-9.005628833681314505e-02
-1.101076560130058585e-01
-3.421574744581881711e-02
1.167530409178403443e-02
-4.904607391017967721e-02
-5.281814194857138711e-02
-9.147578385269300449e-02
-1.169172554298374828e-02
-6.297524017493523474e-02
-2.068004235950950467e-02
1.138278010522444927e-01
8.360615244734566007e-03
1.036230058197687293e-01
4.685343958512643708e-02
3.659208829329999371e-03
-3.788397335921087072e-02
9.441420695765370685e-02
4.702147775566607041e-02
-3.296497175575967969e-02
9.728868535321508193e-02
4.023123373783102363e-02
-2.470757258185932170e-02
1.449907110586370618e-01
-5.576993478831140938e-02
1.337691382326027523e-01
-7.026158223591687929e-03
-1.701595498798353853e-02
1.756831507792299685e-01
-4.165595274231963761e-03
-5.648019738449527871e-03
1.865994127468877800e-02
2.017450524664381531e-02
5.155857398408087572e-02
-6.057433083249739308e-02
-1.012814692977555553e-01
-3.515212134902045982e-02
2.676047030683367453e-02
-1.012047145796348205e-02
1.254905648612674729e-01
-4.688494678400019489e-02
-3.921496717919805558e-02
-2.088626826386243140e-02
6.719060803396430248e-02
2.328407563745165873e-02
7.560262930890334319e-03
-4.276382128161020091e-02
8.013053417328681871e-02
-1.111435855146650914e-02
-7.585029359695576179e-02
2.533815874327883383e-02
1.255585899003101857e-01
9.329886877898541098e-02
-8.376015407348061381e-02
4.196668341203115687e-02
1.523850888685909788e-01
9.439822264338678173e-03
5.703818863448514853e-02
-8.528936115133349538e-02
-4.818199262778709996e-02
5.273821563376707156e-02
-1.240464209586667615e-02
8.601471764844745987e-03
3.748453827080713147e-02
7.757021216140603040e-03
-3.389960801338593593e-02
-6.133264802202270573e-04
2.937288095651457293e-02
-1.042085206278616366e-01
3.724587631239735519e-02
6.854139554407306933e-02
-5.924861634808933908e-02
-3.891990625550705019e-02
-4.991827237699912601e-02
-3.481276280134135669e-03
3.617887921619617614e-02
3.315003409902350651e-02
-8.940604823779756127e-02
3.632948800588175174e-03
-4.382529611359430033e-02
-2.077834317911357934e-02
5.033805045654578258e-02
-1.422530212965389049e-02
-9.904929676229858038e-02
9.324412737104910767e-03
1.611479207636475619e-01
-5.322655492834028716e-03
-9.954377625740627733e-02
-4.426814791713992031e-02
2.755359492612633604e-02
-1.905933027394027604e-02
1.343032880584064601e-02
1.391885861350876941e-01
4.662460983835878259e-02
3.480118522860952551e-02
4.795539599287410720e-02
7.503626989189191021e-02
7.827154206368161504e-03
-3.857528876221061678e-03
5.824067350700861539e-02
-7.209655329072271746e-02
2.234260470373003807e-02
-2.759851335006270785e-03
-3.075949180628270718e-02
-3.170002005855721006e-02
-4.451413495552691141e-02
6.716363207924452849e-02
-1.888295174149525191e-01
-9.317285018223778192e-03
2.493987323112260152e-02
7.903742277864504728e-02
1.561877236379081643e-02
2.827391460948207313e-02
1.681892025290429582e-02
6.075607475144535752e-02
1.785440716616217283e-01
1.182642419225027330e-01
-7.536188232877352733e-02
-7.430931977218772910e-03
-4.536797037319837550e-02
-4.847640141617190479e-02
-8.828639104885975530e-02
3.497566583310373484e-02
-1.978258620073984880e-03
-5.673394317521892466e-02
-7.663444644531863803e-02
-1.153158320347102417e-01
6.474123574734612363e-02
9.978320865769867154e-02
1.388774959570836798e-01
-8.396334127449202323e-02
7.525738910514427615e-02
1.169946596609387490e-01
5.051849836957589962e-02
1.635053081937573594e-02
2.666949545278258366e-02
-8.298881439442894192e-02
1.128284709395133700e-01
1.229603008467824166e-01
2.292789887478400568e-01
-3.485931271559036381e-03
-4.494635125588673091e-02
-6.802301209467227772e-02
-3.922359081560666816e-02
2.978013160044032728e-02
-1.104109123773511641e-01
6.855330779022889356e-03
-9.623901645868358778e-02
1.218760214478039616e-01
6.927495114458491823e-03
-1.311251422321353666e-01
-3.209400272593953413e-02
-7.574882483962617173e-03
6.934960949782514872e-02
-1.089420782203494031e-01
1.520812004937865947e-02
4.704749520369595067e-02
3.064985977875999898e-03
-3.889761624427390263e-02
3.892765951233267963e-02
1.923774997141936560e-01
1.144494197874309088e-01
-1.566424138987247971e-01
5.625991965646585371e-04
-2.444696824155785306e-02
8.557254291547916614e-02
2.071667684869754958e-02
-7.076633537995525658e-04
-8.621110226425643397e-02
3.366678969673022465e-02
-1.339900092629358053e-01
7.265376804500342511e-02
2.303160972587523642e-02
-8.442779836904949070e-03
-6.590717999333381427e-02
-8.211575167668001829e-02
1.214414676064616283e-01
-5.308325090198527663e-02
2.096455385691585807e-02
-1.025015219445414225e-02
-1.102042998751833480e-01
-4.194114254381844931e-02
-7.943034895403119910e-02
7.475627201213584649e-02
7.986925931968791303e-02
-6.310872360052943719e-02
4.287142279847806076e-02
5.354323377817136326e-02
-9.495469683719146015e-02
1.264590171727467405e-01
-3.964155779631391846e-02
5.675802180221455745e-02
1.252180748560928307e-02
-4.600189413287368578e-02
4.804182763553784680e-02
5.916449384826359854e-03
-6.954945334722414940e-02
1.086398171676847685e-01
1.186241981476324203e-02
-6.959158053288100505e-03
-6.845451136292156347e-02
-5.243732887839695767e-02
-6.501241423129547510e-03
-4.882139498379164250e-02
1.045623762654978861e-01
1.194167831398495472e-01
4.516077920670180657e-02
-4.052263019886610113e-02
8.115571641707200468e-02
-1.501235956207064987e-02
-1.569534769966436302e-02
-7.759154610200541535e-02
8.198190830684422281e-02
-3.518443152928986406e-02
4.442677769135341959e-02
6.256486860517256055e-02
1.204900243543052113e-02
-3.219046593716203084e-03
-5.052472708796405809e-02
3.480419116125148260e-02
-8.183520959804871375e-02
-3.307287354996870776e-03
3.612416110384724516e-02
3.019676365534148740e-02
3.786629043350935031e-02
-8.913081168403449994e-02
7.959542031438325560e-02
4.638090669016205897e-02
-8.755085976516124857e-02
-7.956712451138522879e-02
1.732903771498839895e-01
3.266046565945350533e-02
-6.574053382003468282e-02
1.898931530711605309e-01
-5.368309704682769357e-02
4.639153081816969199e-02
1.051829322794032712e-01
3.652350077121804817e-02
3.062500125582584554e-02
2.837983183116759081e-02
-6.863256865115949235e-03
-6.497714610543063596e-02
-1.158861942166108105e-01
-2.936924206960329214e-02
1.209816082909759456e-02
-5.902973455516655199e-02
-6.233718893847709636e-02
-1.156204710801105040e-02
2.852940817126536216e-02
6.949734078751001326e-03
-3.306119045604821033e-02
1.034715376744492488e-01
4.087558385852636117e-02
2.759789303704793251e-02
-7.322882600516462948e-02
-5.616849329438997713e-04
-9.097540950709839813e-02
6.146475517025275226e-02
7.911393217602503362e-04
1.512111549892020124e-02
6.833862020719644326e-02
1.866324173129747521e-01
-7.626298186845636984e-02
-1.713840467265067280e-01
1.450943290051248669e-02
-6.020580600784970066e-02
1.994574759690523683e-02
1.254657948932602907e-01
-2.784486836787075301e-02
2.165795696737545656e-02
8.987375969480318472e-02
4.494616135795858475e-02
1.668947823585440610e-02
9.686910419405313222e-02
-1.023104028253136533e-03
1.782313562545476820e-02
-2.003182224560922375e-01
4.006735102242803964e-02
1.922532024970623546e-02
4.040387402085594826e-02
7.363957341781464860e-04
6.003536664096881942e-03
6.736685720394437749e-02
4.713146545702861373e-02
-6.882516867038447617e-02
-5.199166749447005353e-02
-1.447836967795596286e-01
-6.825925684457745390e-02
5.047507810095520214e-02
-1.175579202748296831e-01
-4.685280779843811055e-02
-3.182666255080510848e-02
-7.881068763965581869e-02
1.420014624345113385e-01
8.772356123848394638e-02
1.427479701147804647e-01
4.584770140612373646e-02
-1.045384579507421668e-01
-4.473814930300834547e-02
1.041641491846473921e-01
1.086275133130428922e-01
-6.070555592221032332e-02
2.604606575644000110e-03
-1.297320283612684623e-02
3.519090289486637158e-02
-3.704987453486398991e-02
-3.207087197591185213e-02
-6.238560297092571316e-02
7.992802337783741495e-02
4.305920197081408891e-03
2.220983049455952513e-02
-3.361767721069146980e-02
-8.441646744124908786e-02
3.722179835974995937e-02
-5.312867863545104458e-02
2.702315265193256516e-03
2.112243410088466417e-02
-3.424395346153040476e-02
-4.211603700491075436e-02
-3.563209965857346700e-02
5.832469840298611791e-02
-8.380249799096049085e-03
6.520682351267588495e-02
2.001918184625224497e-03
-4.633839945355990031e-02
-8.119299497626999984e-02
-7.014814156424696578e-02
-3.384747902854379209e-02
-9.694928401831055809e-02
9.109710256737546530e-02
-4.917535064030674474e-02
2.084897876057366373e-02
-1.201699916916696975e-01
-6.217584992690312895e-02
-8.165026551724213766e-03
-9.541087931198099711e-03
6.911239206438886395e-02
3.336968461311737993e-02
-1.088540872085231453e-01
2.087053157134746012e-02
-7.329183912413272939e-02
-7.391383101000706390e-02
1.259686585817350879e-01
5.064167150350841647e-03
-7.038010927292590035e-02
-1.890181942195964110e-02
6.441898948661273216e-02
1.539406377531137319e-03
1.472647579444161525e-01
4.376760454243214943e-02
-2.845346637223859429e-02
1.199625976807554423e-01
-4.145280576719919535e-02
-2.550188250697436876e-02
-8.739691960805814896e-02
-3.762427169787882497e-02
9.217740644545918682e-02
-5.226131567317943843e-02
1.710710748550029262e-02
3.878734347237904750e-02
-4.452717781274727338e-02
-5.438153397203874390e-02
1.215819437458422018e-02
-1.362356601939047722e-02
-1.250364964716707550e-01
-2.026569116655813907e-01
-9.238321769773619185e-02
6.361249122919515608e-02
-4.308295293390408676e-02
1.524925965180047027e-01
2.114997662693836322e-02
-4.039300947639842820e-02
5.476677428674226605e-02
1.285304512740387262e-01
2.782808667363314767e-02
-9.297532818169026991e-02
6.313227300329471436e-02
-1.131610998566243489e-02
-1.214213233597630642e-01
1.167142995547247597e-01
-8.334017978725490050e-02
-1.929354701338568956e-02
1.063470905778298864e-01
2.106959704173188563e-01
3.671066604235508068e-02
-3.074510482498588743e-02
1.274963140283391118e-02
3.228629659341288732e-02
8.549366815775029382e-02
7.571033114588682222e-02
-1.319989675098227899e-02
8.217006041434439523e-02
4.433136035725621094e-02
3.925331151597016843e-02
-1.260201103754565906e-02
-2.114523870807588635e-02
-2.243910754003641470e-02
7.225106698982033948e-02
2.212200985570954986e-02
