7.459269743895190208e-02
1.070869911705383676e-01
-6.288549864426845257e-03
-3.277612673563642942e-02
-3.136662800611986126e-04
-5.151250020431896032e-02
6.013964302353434765e-02
-6.798968975285926697e-02
2.237301545811492057e-02
6.007371916860555078e-02
-2.213750695529368567e-02
-1.270856681974715796e-01
2.391105537862055902e-02
-1.162975753390114581e-01
-1.181635213157806868e-01
-2.615143292416732650e-03
4.142241690397554382e-02
5.075702127393220964e-02
2.987748346970021951e-02
1.452567680531346161e-01
-2.767162624502579604e-02
-8.991002275517519238e-02
1.155231491738382965e-01
1.804966442432157439e-02
8.815142744425572387e-04
-4.487121195564877651e-02
-4.416388397477538641e-02
-8.450901275189851014e-02
4.658255858179867481e-02
4.825190341640671343e-02
-4.729657336101218690e-02
5.849830685321396467e-02
3.928882920539469165e-02
1.090616564954630940e-01
-3.697357818686110298e-02
-6.518771604509668305e-02
-1.288332524858447903e-01
-3.061733585733260321e-02
-7.786402794993210752e-02
-4.242490592127046156e-02
7.500389531249081199e-02
1.808371431683504157e-02
-1.356495082893112991e-01
9.051970904281017583e-02
4.442674017680836585e-02
-1.387412021513108676e-02
-8.192897403932258849e-02
3.128524639409084596e-02
1.674299418024271791e-01
-1.062718421910763093e-02
-6.730048048834152974e-02
-1.564826060154060963e-02
-9.783805192516910332e-02
-9.188899663166391618e-02
1.025772187530199914e-01
2.056505771924605971e-03
4.023642194336727457e-02
1.283859254318799881e-01
3.456438637284981602e-02
1.002020147765036330e-05
-4.472131014207202798e-02
4.156171308850077628e-02
5.788470870269529778e-02
-3.148128118658295033e-02
7.343522932591454999e-02
1.776286568191419099e-02
-7.719308520822940577e-03
2.454526838726230065e-02
1.770106420672607275e-02
-5.025468221858349349e-03
-6.924452038293418821e-02
-5.401748076919651864e-02
4.272270845470506860e-03
4.041261060871490646e-02
3.678221597709301766e-02
-1.387070112383705610e-02
-1.458012431761252121e-02
-3.045810223220334415e-02
-2.211925764186771157e-02
-1.107181235523462676e-01
1.058310877522064541e-02
4.867532993575434536e-02
7.493948301713863891e-02
-9.888033404965947126e-03
2.312393944842054405e-01
2.663526484171947067e-02
-7.188657224087992292e-02
3.070496297146833864e-02
-1.393222986081552386e-02
1.274143327286553044e-02
9.741624489409249354e-02
8.888646649749471287e-03
-7.536542926341772974e-02
-5.196282991954961211e-02
-1.323640301912994699e-01
7.031631893208711848e-02
2.010810020199422718e-02
3.684951716581357645e-02
-4.123766335263524818e-02
4.410517466880871373e-02
4.906625208610114475e-02
2.608706272083852326e-04
-7.048918394313644087e-02
5.403399366543463339e-02
3.966491187305206528e-02
-6.022331605611502131e-02
-6.392309380664250307e-02
5.519172706523010202e-02
5.628666850174552511e-02
-1.154151401775618119e-01
4.348790809729687762e-02
8.385808644509054610e-02
-1.379573358675003081e-01
-7.964748822840024556e-02
-1.801536357471428262e-01
6.308063195669661935e-03
3.990543988178846951e-02
-6.214888755826874361e-02
-3.192468752618424915e-02
1.258425441221892316e-01
-6.136903804570667531e-02
1.765804192269688003e-02
3.534681702245570656e-02
6.074884044860056655e-03
-9.176114396337771428e-02
-8.979025134851947865e-02
-7.182907810230248005e-03
3.858902277740070691e-02
-2.029713805006307104e-02
-6.749754793011426661e-03
1.079881033172302024e-01
6.064493873540492686e-02
2.478007931494747781e-02
-1.113253282619084024e-02
-2.323410933553312144e-02
1.016348642467869955e-02
-5.674227428982320590e-03
2.187611004034970344e-02
-1.311422618965103482e-01
-2.926577819225679306e-02
7.482022111639004269e-02
1.486460406587093164e-01
4.763710377583413313e-02
-2.793654986570895393e-02
3.741617672167036474e-02
1.610216530162676338e-02
1.412552080254365627e-01
-3.412820685915055052e-02
1.439781902359424208e-02
-3.963633243218388919e-02
1.003853823433629583e-01
-6.320127456693759582e-02
3.877830563082666077e-02
8.062251296935039890e-02
-1.607426033900670112e-02
6.594237847044636010e-03
9.634271344010916782e-02
2.476419218093238797e-02
-4.998053023969622338e-02
5.649648525677020833e-02
-5.149050195779519140e-02
2.428434574669264753e-02
6.821147090337374708e-02
-8.909246213337479459e-02
1.837489344580087447e-01
8.150524976673603761e-02
-1.594574698750965969e-01
-1.016072153026768010e-01
1.709745896884194705e-02
9.487946196211251293e-02
9.794792486481351812e-04
-4.999892199321631647e-02
-4.663486072530784177e-02
1.717345258003458858e-02
4.940171794228759294e-02
-8.028183729252821865e-02
5.725792326214890898e-02
1.023080967108468686e-01
1.161756377464518847e-01
9.299220933852628268e-02
4.208007640030834301e-02
-3.725540963310609854e-02
-1.890055393881200779e-02
-9.463303001341970278e-02
-4.976338963568699425e-02
-5.735296208473631557e-02
-3.753156278022430061e-04
-3.457993045440993507e-02
-1.270329232705637024e-01
-1.423647180987165362e-01
4.827510447924707182e-02
-3.555767135982615401e-02
7.061446426699917456e-03
-2.714179582680096084e-02
-1.148983996162124543e-01
-8.945653927629165780e-03
6.746274172881130439e-03
-3.852651319356072829e-02
-4.120937854838883918e-02
-5.422357835144640120e-02
5.899591365085644218e-02
1.302745860486834335e-02
6.981271884855644316e-02
2.774193615701911475e-02
2.827218391989003501e-02
6.613036955504107695e-02
6.335475752355018697e-02
-1.376840776198917649e-02
-2.811094867581796081e-02
-1.019937738480627409e-01
-4.436775291335116195e-02
-9.570692398733739170e-03
-1.787807226691106796e-02
-6.577007842443768904e-02
-1.386391809894985949e-01
-5.494427749172459130e-02
-6.446646162740124648e-03
8.449645218466321842e-03
-1.339489129236090363e-02
-3.816066779216038818e-02
-3.259693575746917121e-02
-2.690274771458468425e-02
1.151525511288406661e-01
1.081831317552563593e-01
3.838688916588980926e-02
7.825522951902197377e-02
1.925354898036215831e-02
4.005889614975159663e-02
5.914440848651684318e-02
-7.042007769343053281e-02
1.131044031072100248e-02
8.272855196861626792e-02
4.953075910998206918e-03
3.985629661122574302e-02
4.014067911206994216e-02
-3.142469114835318850e-02
-7.111910170287330524e-02
-1.207674913290444560e-02
5.199679970152351616e-02
5.548455784048620526e-02
-7.376512499377949061e-02
-2.623067887424718886e-02
3.957787012799031390e-02
6.345611927104917449e-02
-9.428254950086348285e-02
1.875004870350700098e-02
-4.618310982622603200e-02
-5.600594708033835439e-02
4.069358413038713825e-03
-1.341838506395184316e-01
1.803543929305991347e-02
-5.226337096287105022e-02
6.448965026399465506e-02
1.605534314943532145e-02
-3.577302193834712429e-02
-3.072112508489311875e-02
6.965771398991926246e-03
-6.054572572933478863e-02
4.263009705146962591e-02
7.123693120378817023e-02
2.793175151941051926e-02
-3.556977345859599869e-03
6.411195234864311421e-02
-9.116735888575792923e-02
8.984309709050396220e-02
2.816429878346870391e-02
8.506797733709265188e-03
-4.793301576079094656e-02
1.416737883493080809e-02
8.806749148018010176e-03
-3.928517492934691796e-02
6.349413131194274473e-02
7.920534741662736689e-02
2.571878350469172098e-02
-3.655207201087096180e-02
2.667960879323068388e-03
4.781425379604383602e-02
1.438874236471994299e-02
1.530635513097998723e-01
1.093821529607685687e-02
7.906628745620718560e-03
-1.428180362691043939e-02
1.000114366225175570e-02
-5.898667352677150477e-02
4.529855475409429004e-03
-4.885028356521060530e-03
8.601160522445520928e-02
1.255348023661203259e-02
-1.639948471893752299e-02
-2.335926509976358756e-01
1.367966597452815493e-02
-5.687850392160118118e-02
1.044369325988520059e-01
-7.619808754367654764e-03
-3.885908127127609551e-02
7.563566014702036155e-02
-6.210591165268517649e-02
-2.987063931248717594e-02
7.016350745442974032e-03
-6.609315186097108885e-02
1.175174853331440415e-03
1.973166691340687978e-02
5.949323005913419171e-02
1.130846168122051909e-01
-3.139730655516282526e-02
2.708942462780338130e-03
-5.248073688599651926e-02
-1.042279339239482044e-01
-1.964612853583855984e-02
-4.945674250905149338e-02
-4.399686602936075247e-02
3.399534041003647589e-02
-5.380343317712341783e-02
1.604211973296092164e-01
4.234073115180354840e-02
-1.044718928605594364e-02
4.832661240281566073e-02
-1.029899665264020353e-01
-1.253578821430478829e-02
3.659304477787009291e-02
2.027207047647483495e-01
7.984128876383779494e-02
-1.554340218702965626e-01
-8.550824782788897516e-02
-1.255567104848712701e-01
-7.540253027936138878e-03
6.420701344288655410e-02
1.016167138401429249e-01
2.366886122722537678e-02
7.713081004860330991e-02
2.858717259376768963e-03
-3.503680790016436980e-02
-1.365654575888537725e-02
-6.859860916854107482e-02
-2.362026736019385079e-02
-4.197559029527963420e-02
-9.088405619855015327e-02
-2.218261269149740186e-02
4.153680814608150945e-02
-8.307153609046523390e-02
1.118130381394953805e-02
4.958825533931171536e-02
-6.251222923996270497e-02
-3.562925993735841651e-02
-4.907544148071640855e-02
-5.094442300559064163e-02
-2.930594830814805402e-02
-2.890533189836675190e-02
9.631789951750736878e-02
5.098352250698506664e-03
-4.083848004364303702e-02
3.463198023326514302e-02
-1.671218590423242945e-02
-3.911622287746707727e-02
-9.691267011570560419e-02
5.843182618034730574e-02
-3.853586608631481142e-02
2.373137975287140447e-02
7.657666247527452133e-03
-1.117568334165522370e-01
-4.706817049287346198e-03
-1.144339768288629364e-02
-1.047583786854784232e-01
8.851561092812243459e-02
7.465360714804701418e-03
-2.565578224201537846e-02
-1.951586562237388744e-01
3.933113972045979706e-02
1.088518768552380195e-01
3.895983386431060153e-02
-5.568578742271778140e-03
-3.113333067161636394e-02
-7.406090951149854780e-03
5.505443253272409437e-02
1.479239010160859902e-02
-1.243348044123020746e-01
-3.325737244080272798e-02
-1.714003812433563881e-02
1.141803677492350122e-01
1.630853640310344355e-01
1.532240640913340446e-01
2.249466697616909205e-01
-1.371823681950542530e-02
-1.947435608496186216e-02
-1.491237459369375018e-01
2.173443532003979314e-02
-7.049537796648708277e-02
4.450841727321793589e-02
6.065274228183258065e-02
-1.010262752974269707e-01
-3.344624478407137030e-02
9.392097574727514830e-02
8.645066276089481694e-02
1.059095156246008668e-01
-3.242189651555313357e-02
-7.170639298388518934e-02
-1.110989031081021164e-02
1.735479008416873636e-02
5.356424590130283436e-02
-3.515318943732262391e-02
4.678485937523541027e-02
1.246251904437519105e-02
-1.279831283725407776e-02
-2.054036434489485072e-02
2.109623251627704144e-02
3.784766458581724502e-02
-4.504363777203206770e-02
1.971400235819495139e-01
1.666717077388934955e-03
7.378967563350591341e-02
-8.372098766030387773e-02
-2.285293564911717798e-02
7.898872215281108056e-02
-1.316926916501601763e-01
-2.201694715911503564e-02
4.151899000491675318e-02
1.129231652058518970e-01
-2.499823392191035526e-02
2.589736346438501619e-02
1.583416803181057764e-02
-1.379959714696538109e-01
2.916942600867497223e-02
5.926917024972506304e-02
2.387992663709731511e-01
5.927370564480590603e-02
4.553156976255939847e-03
-7.707944553080788019e-02
-9.748478098933512082e-02
-2.947243494331954969e-02
3.836449152387878814e-02
1.384996544174388333e-02
1.775337915101761754e-01
-9.389991966929149558e-02
7.221661820155597655e-02
-1.249499450150639776e-02
4.020031824660547787e-02
-4.442519335053257690e-02
9.046058010736625354e-02
2.153390789197236546e-02
-9.156071214703592753e-02
3.661739713822989573e-02
1.158497665507056684e-01
4.756250580738842493e-02
-7.876295124722827723e-02
-3.240858044110569297e-02
2.873072098205490740e-02
-2.523920440057373857e-02
1.660928571874837334e-01
-4.221487288763994816e-02
1.060012401540828264e-01
-1.286004209143905286e-01
-9.869109291829904901e-03
1.587694979811690443e-01
1.396651198083028178e-01
-1.143983224811777055e-01
-1.976148282971431931e-03
2.429270556285649876e-02
-6.533847018026613107e-02
-1.178815735407209679e-03
-4.125350123874239883e-02
-7.908547477895115640e-02
-1.477814973540716725e-01
-4.387960389727407068e-02
9.855167010967259833e-02
-5.475341888920954962e-03
-6.981201235027223451e-02
-1.199719846463001213e-02
-3.616793007667559734e-02
2.961234466753732281e-02
-3.323223055140746979e-02
8.687333405291734756e-02
-2.253210825559567605e-03
1.104223296558311945e-01
-6.403025755116094342e-02
-9.096795789089430484e-03
1.592776592847854611e-01
-7.047661363177189220e-02
6.603532346138359099e-02
-3.217960253701279694e-02
-1.930136658043292083e-02
-1.008899985875271466e-01
-4.268324327968343185e-02
-2.278496876373361721e-02
-1.098743098201571400e-01
5.728420229220693854e-02
-8.615772179228735339e-02
2.327759066089745907e-02
-1.069886459081871993e-01
7.098893735519704040e-02
1.125145501134516314e-02
3.093294945703412013e-02
-1.159568334347910179e-01
4.182603552541865055e-02
-5.612904233555811306e-02
-1.072918649494970789e-02
2.406804502944252799e-02
3.752277034686060490e-03
