-2.763454909583441116e-02
-3.195257127194830321e-02
5.645725025985666445e-02
5.954485331057499109e-02
-1.527592841902755509e-02
1.122269389203431611e-01
2.076596069335324285e-02
-6.660582224709324373e-02
-1.080042486451466277e-01
-1.294814038834979537e-02
4.992934962785840897e-02
4.866976407012032352e-02
-6.128275663066216211e-02
-7.141098577920550411e-04
1.732922846549646984e-02
-2.654012297778804430e-02
-4.188080870361544222e-02
-5.252742396083713377e-05
7.332016834147285500e-02
-4.475879007463053755e-02
2.320492330228593469e-02
5.580531385852844500e-02
8.537490789746812747e-02
1.449588096098901047e-01
1.432675045838447125e-01
6.163800385908618784e-02
-1.951659406470473979e-02
3.905410512105144533e-02
-8.885092684279533026e-02
-3.650642109502704163e-03
7.073577383501467031e-02
-1.088138538982845547e-03
-4.912147580093935949e-03
-2.771366068481120187e-02
-7.295822223755070446e-02
2.940992027808902662e-03
-1.211813263443003129e-02
-9.928443573203203643e-02
-6.521995780838082957e-02
-2.383966687007797389e-02
1.951296288296360260e-01
1.455868686322944472e-01
9.425386113871393745e-02
-5.925649077178548468e-02
4.512194067415011695e-02
-7.366529717626872642e-02
-2.023831651519938934e-02
-6.142398868116976524e-02
7.150418787773890790e-03
2.744430638704788671e-03
8.341905877014490697e-03
-6.017482995135435553e-02
1.276560922196868716e-02
2.160075076492707150e-02
5.082960872633786320e-02
2.777388793235579037e-02
-5.440951719234888434e-02
-2.802490089760062419e-02
4.670470820988773669e-02
1.422150577707974595e-01
7.134333666192209378e-02
4.430327665077839205e-02
1.497897057990273673e-01
2.177023769178585560e-02
1.369853022034226986e-01
-3.705541917505970201e-02
8.503198968884312370e-02
-6.057158185470667283e-02
1.170799317011550350e-01
3.328360598573896351e-02
-1.707891247809650848e-01
-6.199980981939597242e-03
1.271380752870435449e-01
1.255179967525762823e-02
-6.672405800667208231e-02
-5.281034129395930504e-02
-4.654831516357096216e-02
-2.561684059498290159e-02
-8.707543842654701105e-02
1.525844424833850410e-01
-6.643995977982061762e-02
2.259209854691380387e-02
2.498997741955347532e-02
-1.641924088450183450e-01
1.867917445736495818e-02
4.146785475328083892e-02
-1.002217587433963664e-01
3.107106188977869915e-03
-4.141657972311438979e-02
7.720702015279827524e-02
-1.165242615361822692e-01
5.189638748262957041e-02
-1.060311551750611758e-01
3.918572895451649662e-02
-4.676530469263509050e-03
-6.479489932287112175e-02
-8.951829593554824771e-02
3.802067706504613093e-02
-4.140097258034537708e-02
-1.411373189531700892e-02
7.420209030803530392e-02
-1.249241108557173213e-01
1.864979420220040929e-01
3.486810786987856736e-02
1.221074542306820471e-01
2.334496543518695816e-02
-5.186142159450703171e-02
-9.868741515807821774e-02
-9.528518234531821451e-02
-3.834510545930774200e-02
-5.295880654501309431e-02
2.077078686669145760e-02
-8.255576091432723085e-02
1.318790325582607226e-01
-1.578444217517994269e-02
5.054467083334236027e-02
9.269039565161984670e-03
-9.094858617497073028e-02
-7.830001024823575462e-02
1.033548374929594144e-01
-1.004507432976285281e-01
-5.905276851001994842e-02
-3.128647692699976224e-02
-1.481637099354442960e-02
3.449166349647270202e-02
-7.469013081686762257e-02
5.350762087164741797e-03
2.952452208198845171e-02
-6.200784668559135987e-02
2.329797856544293250e-02
4.028304497398858992e-03
-1.388223106845111595e-03
-8.875429829106119828e-02
-1.112954357733119543e-01
1.144013278158866748e-01
-5.869452543986126980e-02
-1.188919919036114242e-01
-9.852052991856711378e-03
7.006039592555812073e-03
3.646011953849775250e-02
-1.576828008210307691e-02
-1.016975385366721413e-01
-1.702571542879604757e-02
-2.416644502017443151e-03
2.553796376335216722e-01
-8.088930852541018068e-02
6.536934461948636088e-02
2.189813881815736460e-04
5.478320065803435248e-04
1.526632519088065923e-02
-6.218832677078987153e-02
7.615262635283266690e-02
3.452224572338697534e-02
-5.088811701882180877e-02
4.254635684281141833e-02
-4.222860713715783677e-03
1.488574994518737649e-01
1.503110428477796578e-01
1.235513390378076976e-02
5.094489807500694051e-02
9.809622821312573987e-03
7.684284735326204867e-03
1.099374515165498639e-01
2.398975966771614392e-03
-8.581008069148267359e-02
6.871222705446096424e-02
-1.491196424382580377e-01
-3.157671755629763710e-02
1.452024212024846661e-02
5.361204105567462380e-02
7.129869587623462179e-02
8.912026615366872018e-02
5.593999569912973258e-02
-4.445218625441092752e-02
2.223520731013641644e-02
-9.477888925616467786e-02
5.177378891685133211e-02
-1.331003704878968297e-01
4.663628565488438932e-02
3.235006466812589271e-02
1.275749797393517793e-01
-1.045159980367054015e-01
8.452563294962496532e-02
-4.005653548784216672e-02
4.420819320503111688e-02
4.564597915220461148e-03
6.390810172908745722e-03
1.980928025486470428e-02
1.770527454836252554e-02
1.828706984461350021e-02
6.165284173413630719e-02
-4.246496281500973524e-02
2.444612668081003887e-02
-9.049164003847792043e-03
1.085742162766453328e-01
9.930768596122216407e-02
1.286215176198521604e-01
-1.794860910126073669e-02
-1.651726210529813610e-02
3.271779557749959766e-02
-6.584500893458489212e-02
9.596581049619795634e-02
-6.798432017325820031e-02
5.444355804983280755e-02
4.526088465590098059e-02
-7.555796917929059886e-02
-9.662232803735316955e-02
9.094268604689895175e-02
1.590436432135238984e-02
4.174858101296447833e-03
1.039187637883325632e-01
-6.898407653150924468e-02
1.009686533222473176e-01
1.691188262669143447e-02
4.185653449742152143e-02
-5.152132772043355874e-02
6.935028561566762562e-02
-8.397279056403654518e-02
2.026477659113682869e-02
-2.911328399571197836e-02
-1.749146856283649229e-02
-6.685949762127160051e-03
2.886843740079414466e-02
3.520138208817032155e-02
-5.660639786744704055e-02
-4.136499237627396658e-02
1.690713442365068819e-02
-4.143886751024751514e-02
7.103712732282312092e-02
-1.258814945885240177e-01
-9.978407920840240419e-02
-9.161819284026399834e-02
7.058926152772616869e-02
-3.678505085364466853e-02
-1.784370655275457126e-03
5.426785358540224535e-02
8.304791461673424052e-03
2.775458381073802119e-02
3.255528291425923565e-02
8.781345763204939647e-02
-9.252727537733072827e-02
-6.122244805978072774e-02
7.518773772965978153e-02
-2.302826267976507482e-02
-1.238336842431591450e-02
-2.248249780100105774e-02
5.467369240322672054e-03
-6.012815481027431602e-02
1.535440622628163332e-01
-3.832668321980923359e-02
-4.866960992776946798e-02
-7.431425490828318103e-02
-5.411204825415313890e-02
-4.500213455789576350e-02
3.718840065416010449e-03
1.783594989445132922e-02
-1.901089390351074068e-03
-7.355685074021305406e-03
-2.293195198200276980e-02
5.471032590574977095e-02
4.706436797722668430e-02
-8.423945061074704366e-02
5.666313816104717738e-02
8.311805607066277690e-02
-1.611893916059637874e-02
1.161940784701509383e-01
7.427302951734590652e-03
1.461807086808330006e-02
-1.556979655752082914e-01
-8.782327882295962174e-02
-7.161456330096120648e-02
-3.414391009441739011e-02
3.783364372304652556e-02
-2.116728618056438679e-02
5.084405356100429180e-02
-9.856366350037236435e-02
-3.073449987101295119e-02
4.563634503435920475e-02
-7.698418741815284128e-02
-1.232169082294715633e-02
-3.830569060750247529e-02
2.619916091938450514e-02
-2.297180071361947656e-02
-6.151809004061125491e-02
3.107013018064292732e-03
5.519730285657545310e-02
-2.840611090035510128e-02
2.000137922430178516e-02
-1.344951150254029004e-01
-2.548723971217305498e-02
-4.145468641342252986e-02
-8.850646968321009000e-02
-4.349064057932638949e-02
1.977248562098609178e-02
1.002157120139450103e-01
1.029288125379585195e-01
9.641346542863067637e-02
-4.166688714661304083e-02
-3.491629543834143257e-02
-4.942698743495685734e-03
-9.731289184171852680e-02
-3.271340761050881007e-02
4.596702538687129358e-02
-7.973422798523085997e-02
6.029562314292000874e-02
6.000860611597232802e-02
1.519636071696871607e-02
5.009687267316836716e-03
1.584464163333729539e-02
-5.445528482473586257e-02
7.409512481393303041e-02
-2.907339161116359247e-02
4.612026936493437979e-02
-8.762773077142653466e-02
2.060198335872870379e-02
2.500379487977358317e-02
-7.259073669003726983e-03
6.254190351558099048e-02
-9.443247210107932887e-02
-1.120485087455939943e-01
-1.622791286473843908e-01
-8.553215584672868577e-02
-1.188904542569110684e-01
-1.111391383572716690e-01
1.619403164816549112e-02
-3.728292937592808665e-02
3.052693997456466107e-02
-1.101894791604869778e-01
9.771477996882045602e-02
-4.655227477197529384e-02
-3.094753212578565602e-02
-1.321677659782460532e-02
3.941745654763421924e-02
-6.018290756272293152e-02
-1.046024029377765063e-01
5.141877379932884018e-02
3.086326076564352774e-02
-3.459156276265017843e-02
-5.336358636258090038e-02
7.008035181199961938e-02
-8.821884286132168629e-02
2.599364884810590956e-02
3.447074000348186729e-02
-2.161545139221955972e-02
-2.013462660242212182e-02
2.074841598363378475e-02
2.362263512918613695e-02
8.502585882087101976e-02
1.065479353940510104e-01
-7.548451208984902072e-02
-2.578491875423257959e-02
-2.248168000388121868e-02
2.221639447349885860e-02
1.688717149424053335e-02
-2.825797032061221764e-02
1.117205808382212666e-02
1.725555837266835174e-02
-8.922339921199248791e-02
7.794911512486307759e-02
-9.138243977750764788e-03
-1.142327978840439314e-03
1.400748232157366172e-02
5.299372695044285431e-02
-2.704601347066629136e-02
1.439948261395448958e-02
2.125881956590778762e-02
-3.193254936159212881e-02
-1.475480014188747984e-03
8.426622888826916513e-02
3.246725072464057282e-02
-1.030437120512811208e-02
1.739579574572569162e-02
6.977167944421162893e-02
-4.150724617873501748e-02
-2.198110598278676941e-02
-5.135583602344824528e-02
-9.566724393513743874e-02
-2.387091069593964832e-02
4.546828540425161547e-02
-4.593691914503635065e-02
5.380724045683101670e-02
1.318377853879320050e-01
1.073707065078033512e-01
-1.788895549406334384e-02
8.665842009198876025e-04
-1.007302636345709934e-01
-5.394420270107642967e-02
-3.385262486335182622e-03
-1.727808689456234170e-01
5.394890576250653547e-02
4.001068766061457310e-03
-5.139838388685168818e-02
-5.375622229288223863e-03
-5.014718229111164716e-02
6.154651121628880450e-02
-3.352269810050649557e-02
7.730133495272738242e-02
2.592015404612812990e-02
-2.860196367059753692e-02
-9.102125497478570637e-02
6.801252131074725371e-02
7.176724560869566496e-04
2.308998139931361590e-02
-1.253516969227669864e-01
3.103054345925866306e-02
-3.740907612645733710e-02
1.066561938247910790e-01
-5.048440105185039023e-02
-4.081644050043187200e-02
3.846815658764059318e-03
-7.837860588116922489e-02
4.364790408305083656e-03
-2.757864118300381792e-02
6.463617846015597135e-02
-9.463203661239505404e-02
-4.389831657500116446e-02
5.237406869635057721e-02
2.351013483382878924e-02
4.832710353724625069e-02
4.971758654782464787e-02
-8.789151113654096459e-02
2.085373963247055470e-02
-6.187456209269565771e-02
1.015575351850126068e-01
-1.152445584324743831e-02
4.274460939768071760e-02
5.782010162400753883e-02
4.433859736674526653e-02
-2.872086588054339421e-03
6.820111575954669603e-02
1.477529691305476574e-02
-4.995703424724247388e-02
3.228036252514593970e-03
4.376639444632040438e-02
1.073032896752629944e-01
-1.999126664888747299e-03
-2.586678587919485212e-02
5.025214220806070026e-02
6.279421907457552465e-02
-7.721151562077721575e-02
3.852866769459668134e-02
-1.610511425928059237e-01
8.770938799967310795e-02
2.880746220644240033e-02
4.876729044734067625e-02
-1.531777804357598548e-03
-7.992201381703165075e-02
-4.716967804744333359e-02
5.778944203718812053e-03
2.393655810912597229e-02
1.038824194975521281e-01
8.624088318365896733e-02
-3.108472269836845200e-02
-8.649738920197194703e-02
-2.030305167257731580e-01
1.140707387852867571e-01
-7.353730933911208946e-03
-1.235324616475734633e-01
-7.614067169838970028e-02
-4.031063822114308581e-02
9.092529568980599330e-02
-6.240238613217745367e-02
5.866768181520368858e-02
-8.642681346382483087e-02
7.585402894287316712e-03
-6.159480563242789725e-02
4.319750517018006164e-02
-9.634228207177431003e-02
1.216214161836646351e-02
-9.334002449553702174e-02
-2.406610145207582069e-03
-1.198824981618718949e-01
-9.448218312939541882e-03
9.760262370838959645e-02
8.082632941591742781e-02
3.182442972083024402e-02
-1.698154508072253002e-02
1.107439074167938103e-01
4.185062922100626914e-02
8.625317255599332031e-03
5.786375274714331864e-03
-1.029779643358718633e-01
-4.740518536505011066e-02
-6.329308166420387349e-02
1.680153231263177560e-01
8.110845454606857574e-02
-5.346337774040437613e-02
6.248549360306326905e-02
3.418546886511374117e-02
8.701464140794394619e-02
1.407578358624707315e-01
-5.522765733417064199e-02
1.302727194253404941e-01
-8.525532359352237799e-02
1.251828048764694612e-01
3.450757623469874729e-03
