6.339790110728173167e-02
-2.828308380565724631e-02
5.099496003682957995e-02
1.558446581915944040e-02
-1.426306876608118834e-01
-3.987671324451658172e-02
6.815746921736802466e-02
-9.699168149774696490e-02
7.863030927954917093e-02
2.671104736156786758e-02
1.551447194658464070e-02
-9.005968941315194154e-02
-7.197703234311482456e-02
1.335544810263627202e-01
-1.094727687225244689e-01
7.944289590252379130e-02
1.182220496761570011e-01
-2.343901320036425456e-02
-1.153192362085200540e-01
4.262352156396177066e-02
2.339095894242231716e-02
-5.114415963185978825e-02
-2.783712296537022707e-02
-6.025193167645711417e-02
1.992330550702997929e-02
6.162928630959927517e-02
-9.961391546601323921e-02
-8.883007868019385245e-02
-9.624227796491877096e-02
9.426746457114887345e-02
9.248417451737643569e-02
-1.416367573992365070e-01
-4.124464864918533924e-02
-8.258243975787749047e-02
1.212255553817643272e-01
1.113143177365827768e-01
-6.529008464526478428e-02
2.765292305778743395e-02
1.103800718800188596e-01
-1.266095521353406347e-02
-6.544014625895283599e-02
-3.948497862624965327e-02
1.125850363242513752e-01
-1.226244973347839357e-01
-4.448398140170140014e-02
4.372667341518010620e-02
4.236568892430622041e-02
-1.804022081228202623e-01
1.153414085378076312e-03
2.152975136836216344e-02
-2.124329297715468398e-02
-4.160905039800343909e-03
1.248922391749045929e-02
5.006725250968954710e-02
6.782034804575652782e-03
-5.436261408045900412e-03
-3.772553089084579661e-03
-5.735237973278753398e-02
8.442651865240874409e-02
-1.257753926483283491e-01
6.178257795652679352e-02
6.167498484352195061e-03
-2.600849262803326886e-02
-4.930139980327365775e-04
4.355259827123870303e-02
-2.200380345776483948e-01
-6.071439023170982496e-02
7.879993289112262322e-02
7.637070371796524093e-02
7.862717391722796531e-03
7.771770903277562537e-02
1.988387963617308310e-02
5.751353278736830166e-02
-7.450310063482215583e-02
4.688923463007687448e-02
-6.928246290884418346e-02
-5.133004625139566540e-02
-5.105067918302291785e-02
7.233110268189886505e-02
3.868184116032303416e-02
1.813669866560422422e-02
6.793266074280930600e-02
-1.192305453114615894e-02
-1.370719784347143866e-01
6.813634303743763831e-02
-6.073333875174296431e-02
-1.402414952955460120e-02
1.152084771417568043e-01
1.104655505965224938e-01
-5.268091009524526747e-02
5.173428284044957054e-02
1.521032617434824735e-02
-2.596125873207250426e-02
-8.055052891730625497e-02
-2.287099261326747037e-03
5.326196324186421860e-02
-9.042107112260966417e-02
2.030160762898957916e-01
3.165608196737512009e-02
5.973961537156061846e-02
-2.742845633493112487e-02
-1.501005553220065812e-03
-9.179924752480489447e-02
-1.958279780666919573e-02
2.815582441559434657e-02
-1.637537348515467027e-03
-7.763300742826362288e-02
6.615876745943338744e-02
2.683104665342888120e-02
2.327644734014655201e-02
-7.436312824509928865e-02
5.448115504513485058e-02
2.857016825675785798e-02
2.515448888872300753e-02
-5.549797797275570627e-02
1.202928434208439396e-01
2.881436804496220055e-02
2.417189783495800326e-02
6.277290978033421565e-02
-1.398399494125693032e-01
-3.601073372503638820e-03
7.809433990403147341e-02
3.511157855901653885e-02
-9.583993342190463838e-02
3.842611447764884142e-02
6.566272932879656243e-02
1.795975224415784915e-02
-8.523632958195355436e-02
1.071999936567787082e-02
2.891621315946592274e-02
2.452009047529144989e-02
8.989931645274923389e-03
5.900706958886230841e-02
3.034872953607611543e-02
5.746185207565619735e-02
-1.151979257164215675e-01
6.186224569796872769e-02
-5.074391001908501453e-02
-3.576278271891381033e-02
-1.219231198815211303e-01
3.750922700812975297e-02
-4.984259983860264524e-03
-3.144690421217224280e-02
-3.262387274706616408e-02
5.572777235707548210e-02
-3.916406048762499648e-02
-1.066636538128990369e-01
3.554449214293865095e-02
7.022168935634623410e-02
5.808142238735599511e-02
1.871081583009553267e-02
-1.105895644151041329e-01
-2.746770825003457678e-02
1.484876120246847626e-02
1.141504549893174736e-01
3.176874069232404202e-02
2.829361642843141247e-02
-7.433355484532735979e-02
4.896684512860323413e-02
-6.361376261104715289e-03
6.301614727044302887e-03
-1.966032136909699746e-02
1.278256713790098253e-01
1.973506065259201733e-02
-8.679722870045890326e-02
-1.490288554265990252e-02
1.212788469358822424e-01
7.461742295401430254e-03
1.152021328338422718e-01
3.440522478293459030e-02
7.919900874798105339e-02
1.157484280503415092e-01
5.046823944662082867e-02
-2.247338183443544843e-03
-8.011468522806303172e-02
3.977367947525044245e-02
1.472668727405593118e-02
-2.931037458973191276e-02
1.661745416527172226e-01
-1.415621764002533874e-02
-1.329096717121028455e-02
4.218122420912518095e-04
4.102348948640104076e-02
-3.084488932045415053e-03
6.614226992464942653e-03
4.467100411489410144e-02
8.901343740738139332e-02
-5.139078946561254080e-02
3.377457569115326769e-02
5.696240516587663949e-02
-8.999670947863808168e-02
-3.589097952869278740e-02
2.006148857148899387e-02
-6.040828495257455528e-03
-2.498925005824430626e-02
1.568109778827023876e-02
-5.799052608314594903e-02
-5.621777306859507099e-03
4.943619028632850049e-02
6.516188164580875852e-02
-5.344605716837708825e-02
2.627550073067896549e-03
-1.035770500021980685e-02
6.680204665058739333e-02
7.145074830484925144e-02
-1.202579872032337460e-02
-4.971330987113903310e-02
1.417449934720661948e-02
1.143424580105521365e-01
3.106104025759840945e-02
-4.502773274358302935e-02
-3.179764174174342511e-02
-5.863983277877173050e-02
-5.050972327912951060e-02
-6.499224264613948088e-02
-9.755900448298663458e-03
2.277553387957088546e-02
-5.762373670906016654e-02
3.211824642942731622e-02
-3.136406261967227688e-02
4.100253498535102320e-02
-5.278957319997421710e-02
-4.679368112531006457e-02
1.472250642069397042e-01
-8.709890221832949919e-02
2.239322387977497539e-02
-7.484667976835286674e-02
8.023521038329380073e-02
-9.814016296243362192e-02
-3.269719819654620663e-02
-4.341206228960080185e-04
-1.853038280649844591e-02
-8.491987910899745362e-02
-1.097054103776837763e-01
-9.378020609708814792e-02
6.649987767123903548e-02
-1.015608261050300609e-03
-2.857553524196983219e-02
1.282521345029338233e-01
5.417222582546237647e-02
-4.134975085945610807e-02
-4.087105069653709788e-02
3.233332324152130011e-02
1.040591840382582151e-01
-2.352023241769767015e-02
-6.598281273050064788e-02
-2.207203802693860628e-02
2.953257845907151027e-02
3.925019042982196699e-02
-1.332289518230241609e-01
-5.443686968682139027e-02
-7.488886669198120682e-02
-5.116975502701132106e-02
4.800458013863515699e-02
-4.091247303334544921e-02
1.538922068986034279e-02
-5.317330852587173057e-02
-1.155057921916764589e-02
-3.227607533751041674e-02
-1.391119031505118064e-01
-8.155257491105397105e-02
-2.554147393773443381e-02
-7.393482291067095258e-02
-5.383420094255828015e-02
6.784735511584728818e-02
-8.061585583968326751e-02
3.593994105919355586e-02
-2.929667397551836625e-02
5.743747081877333821e-02
1.686946279517836655e-01
1.021487967154150051e-01
1.080232934281688817e-01
1.047645377700593960e-01
-4.268863171139681417e-02
-4.821571410635614591e-02
-2.030017116991549367e-02
-1.591603786731207726e-02
6.940248411188559841e-02
9.386789452805441303e-02
3.104244301381733212e-02
-4.370976311509367634e-02
1.021284725963093609e-01
4.095556897698861276e-02
-4.014532521110105584e-02
2.445357315408561161e-02
-1.294066097164509599e-01
1.321917064765003660e-02
4.476241887638180567e-03
9.280722471687334607e-02
4.947047274022958047e-02
7.896706738079502241e-02
4.515610348920577610e-02
-9.701724936388997356e-02
4.004687372551136992e-02
-1.657424553400633008e-02
-7.783219158887262623e-02
7.978388623042735606e-02
1.550618205050178777e-01
-3.218495658016681804e-02
1.981213284347817238e-01
-5.273371971833909488e-02
-9.986777419648430743e-02
2.501308361120309354e-02
-4.836425956864885689e-02
5.443508349436471105e-02
3.926102139307617589e-02
6.731600739036810999e-02
2.891243396124517848e-02
-8.668046723095541861e-02
-5.706996514481747773e-02
-1.797874806865162531e-02
-3.098601248403771644e-02
-8.515615655732453396e-03
2.815954814224062158e-02
-6.160564581917645638e-02
5.197286313704457122e-02
1.274843426597244145e-01
-1.877097886311015693e-02
-1.185248489431914437e-01
-7.521278457302653375e-02
1.948044227139647186e-02
-1.858627847992974300e-02
-1.063157519879959082e-03
-2.189409059450147729e-02
2.224846345110098253e-02
-4.625226229492745977e-02
3.595484273280600412e-02
2.416015282795968278e-01
-1.864268993527037899e-02
1.346832818112007335e-01
9.323251031834402583e-03
-4.848334815066562137e-02
-8.810801184566663391e-02
-6.828850408651666870e-02
-5.885636662237266753e-02
8.051830640765213210e-02
-2.266096122985756037e-02
1.202878887670227187e-02
-1.275824760322697704e-01
1.780320804423817654e-02
1.805318778816400113e-02
-8.357345564694483586e-02
-7.264467805954270829e-02
-2.463645275860767286e-02
7.541299575336692096e-02
3.075299271275562518e-02
-4.205254810264900944e-02
-1.413565838536907406e-02
4.711943546130096562e-03
-2.377949693856346025e-02
-8.043527042788803372e-02
1.418556188873520418e-01
-7.142554744192985972e-02
2.394686570255424515e-02
3.113512647474344502e-02
1.390486456156693196e-01
1.739316365062657521e-01
3.582991306961815121e-03
-1.247095016304954757e-02
-3.054066203136602750e-02
-1.574050084748095102e-01
-6.253926569362175392e-02
5.497642640535583408e-02
4.264561742968705355e-02
1.268019130386158766e-01
1.021563107498432987e-01
-2.430865334700050770e-02
4.134931597011276549e-02
1.200499470918389572e-01
1.233347893924004006e-02
2.776801540559615394e-02
-2.269664208992748251e-03
4.886378153310409062e-02
6.000231247570485954e-02
-5.970036640628979124e-02
-7.555837892941118239e-02
-5.193661131388509211e-02
-3.948551119583131735e-02
-1.357377176584001477e-01
-4.074903619842763780e-02
6.582703635702642775e-02
-6.362549597387950895e-02
-3.905753387289270795e-02
-7.103372491384608856e-02
-6.679947540265498973e-02
-7.420335622193549412e-03
8.987651023896280067e-02
-8.549308874212477316e-02
1.379037609963192426e-02
6.305956667273625305e-02
-6.742937889952922703e-02
-7.022028091193546762e-02
4.545211622561892706e-02
-3.175034395788681879e-02
7.789457809927279042e-02
-4.540927862884200361e-02
-1.312823563470354449e-01
3.192086946032831468e-02
9.634471494768736752e-03
4.854497791199108292e-02
-1.187984809965754451e-01
3.437042919315836526e-02
-1.341568057787217438e-01
-1.273654313111634018e-01
-2.829559521447922235e-02
7.339599598895625576e-02
-3.020542427605137775e-02
9.304817342657302481e-02
-2.676422992040244919e-02
9.444252146637260870e-02
1.369161066746859001e-01
1.367608607506729523e-01
-2.626608791034877946e-02
-1.183993129118696003e-01
5.916526562551915891e-02
-4.900676536882457579e-02
1.301139708439441878e-01
8.222549455130397089e-02
-1.348923380833185436e-02
-2.306636834432298014e-02
1.511957114145338725e-02
1.221025018685504560e-01
-1.153933637085073974e-02
-1.531596332265854413e-02
-2.317746184114173949e-02
-2.048088456574527136e-02
3.955000147512081898e-02
-3.452954684287359854e-02
1.091790710988048939e-02
-2.105039080889584482e-02
1.322138660117402713e-02
-1.316866374853792598e-01
7.929053302332933484e-02
1.146544654905395089e-01
-1.186953937557384403e-01
-1.189678829730344070e-02
-3.751111584306565661e-02
3.833716696249207107e-02
1.317043333540374953e-03
-1.862217010300293990e-02
-4.227069945432199854e-02
-5.053147952428004019e-02
6.741070523348059729e-02
-6.013230163875377121e-02
4.785654815512422472e-02
-1.244217113734744432e-02
-3.868004543525649375e-02
-7.296163396921536912e-03
6.771470486870965338e-03
6.406926421400865879e-02
1.712851501348793687e-02
-1.961414211120777462e-01
6.568251395646899568e-03
-3.193271133277460899e-02
-4.001659720752634430e-02
6.333002050484951018e-02
-4.125113588213311089e-02
-4.547601298678372039e-02
4.066825942435442487e-02
7.821229574332405621e-02
5.401167050830679023e-02
-1.353575685977043697e-01
-1.862198119051522091e-02
3.611982035155969842e-03
1.070268812077540821e-01
6.553782195848625869e-02
8.461519980222832749e-02
3.038585603192359499e-02
1.900262216445514768e-02
3.856653024884636877e-02
3.982948183369191403e-02
-2.065535443632457099e-02
5.637336491957514739e-02
1.169928604605173783e-01
1.638929573866913791e-02
1.364644697300880852e-02
-7.963279018809087118e-02
-9.917284159756410700e-02
-8.650534012171988418e-02
4.236682990544278493e-02
5.133915504752784714e-02
6.250611146773146776e-02
-4.991215641255679347e-02
1.707296095535325020e-01
1.618392157455904867e-01
6.920995676032264121e-02
7.138968316699399741e-02
1.088280054355462434e-01
-6.540571575650536151e-02
9.902301162211056551e-02
-3.667623232413928791e-02
-7.579037979858815888e-02
1.900591179814569917e-02
-9.929013685316075144e-02
-6.408014280404934759e-02
-1.223376146261234872e-02
8.277949593598717126e-02
-2.840051851761854831e-02
