-3.557174187959672579e-02
-2.548573836138460016e-02
-4.634970972233897618e-02
4.710152881301599148e-02
-1.137416464897402640e-01
1.499981024000825724e-01
1.013719711516558458e-01
4.487715149891785549e-02
9.828021390901081622e-02
3.125061704040780347e-02
-2.946026658762857658e-02
-2.687891132393726429e-02
-4.653612679597406154e-02
-2.096809393262377350e-02
-5.518159423163401106e-02
-6.554574950910546649e-02
-3.436140887113591641e-02
1.324595001426717190e-02
-3.389326904371686017e-02
8.273091400306477328e-02
2.076693580738556491e-02
-6.094022548920385168e-02
6.232137517590485842e-02
-6.770248376750952202e-02
2.719164702549206961e-02
-6.202074682034438430e-02
4.815684701652763605e-02
9.287204715540439692e-02
-1.567977607853731498e-02
-3.830227994335868441e-02
3.638241315089554839e-02
-7.508475001727069054e-02
-1.164738593735329189e-02
-3.561825911696126640e-02
1.021959100733161596e-01
-4.329819684166660160e-02
5.789601625859766565e-02
-2.531702104076572618e-02
3.875790366666671816e-02
-8.807581662700975089e-02
-5.211205031381686836e-02
2.966822939177049881e-02
-2.374487896177454246e-02
4.114779328781905526e-02
4.916737572795707584e-02
4.278383862021601508e-02
1.015167050760273221e-01
3.949824283365213629e-02
2.425521391688516271e-02
-3.831727574705904443e-02
-9.106177894595249463e-04
6.897348248827871176e-02
6.065388614986004512e-02
2.949605854995687726e-02
1.726713175125795252e-01
-3.781494264226213653e-02
-9.969820392166652001e-02
-2.903351953496216900e-02
-1.684853937939934099e-01
2.566502494600332585e-02
-6.370331035949640397e-02
6.337671823586651931e-02
-2.668770320997771242e-02
5.282114638879540497e-02
-8.912456971545637541e-02
1.350906025101621111e-01
-3.365422458130854638e-02
-7.275617241913052979e-02
2.495584928099381546e-03
-7.947104155445708362e-02
-7.145657450349577645e-03
1.127755528367458369e-02
8.429764807307356389e-02
7.655091243978442983e-02
-7.061043331357017006e-02
-1.730114288418654195e-02
-9.483031015207840642e-02
-3.258854488545216699e-02
-9.939824085218228189e-02
-1.278917383073016438e-02
-1.066316783448322397e-01
-5.184316568425833410e-02
9.502635157128813811e-04
-8.834941122417959425e-02
1.091822309643317862e-01
7.602893571114974214e-02
-1.220480193531815472e-01
-4.002024452366365753e-02
-5.698551829407540181e-02
-4.801281601076355654e-02
-6.992977377256703875e-02
3.821044208171275880e-02
-1.180683055896340483e-01
-5.891432604764434110e-03
9.801682549430817612e-03
3.847985101159035609e-02
-2.391100004264896245e-02
-1.060107776933000151e-01
-1.327779002708244852e-02
-3.994789835022707208e-02
5.745272945519051822e-02
4.556720349164094380e-02
-3.997632456988758215e-02
-7.832616059308486478e-02
2.054114765614425964e-02
1.413833325387784667e-01
8.921445196846370870e-03
7.283138062040891980e-02
1.060762111606011054e-01
-7.562918571650882604e-02
-1.076214586183095734e-01
7.389497062647462644e-02
-1.724154978192363880e-02
1.337648908319675478e-01
-6.336523341434810441e-02
1.280107782689283713e-01
-5.508770210973389092e-02
-6.188225439257764166e-02
7.190053082451478006e-02
1.761518804791326401e-02
-1.482406048619088097e-02
7.177470162692643763e-02
-4.910644729546258073e-03
-7.364566410907689986e-02
-3.257625684837944791e-02
8.617916790370602070e-03
-8.479553160480894636e-02
-4.549955534852527343e-03
7.941788749285683124e-02
-5.814959450746899627e-02
3.369505577107313049e-02
5.639225785778470557e-02
-1.464341911356081827e-01
-7.458222369150105391e-02
1.233228636976820142e-01
-7.811299374260752271e-02
-1.900034157305165866e-02
2.083753116240635167e-02
2.111810531691615637e-03
-2.124074605072957117e-02
1.199539404387335410e-02
-1.498368332249090662e-01
-1.639826759237459630e-01
-4.293778517927690497e-02
-1.158987457864331383e-01
5.424415290659682226e-02
-8.694933159247932031e-02
4.285585990368379929e-03
6.620930838690310127e-02
-1.684215255340466844e-01
-9.627663945892046826e-02
4.711010393909933341e-02
-5.328403629159861321e-02
2.395262276557307279e-01
1.178201006438125142e-01
-4.749151116974014569e-02
-8.705759937529609915e-02
-6.216161725050527859e-02
-1.138446531573787668e-01
1.136843385514767213e-02
8.043947225725804617e-02
5.565809643375768667e-02
-1.106491643961770577e-01
-2.818875240276722764e-03
-4.807987916418061947e-02
-3.325245958538934621e-02
3.910843563924498029e-02
-7.417194724850316445e-02
-3.019959639018976114e-02
3.224787372688783099e-02
-2.070947819536395410e-02
1.237943851899556552e-01
-8.987207439979486012e-02
7.534234174239175241e-02
1.696987147328720899e-02
1.055676773404712679e-02
-1.077290044269794828e-01
-1.225283896907089082e-01
-7.818454082332713939e-02
3.710265023481604252e-02
-1.263245231699698101e-01
-1.076501407568011132e-01
4.721455915655790175e-03
3.300810099141256171e-02
-9.454903597147200356e-02
-1.370033256170296102e-02
-1.336112654575590808e-01
1.409696065602399594e-02
-2.188901477862945089e-02
3.858932660520580232e-02
7.601486165560443486e-02
2.938794933397538556e-02
-2.041302245431889789e-02
1.724682456972469885e-02
-8.099965426790146916e-02
-4.635990117959955248e-02
-2.714001685244731010e-02
4.950155049880905489e-02
-4.848159848578299791e-02
-6.378053030859133499e-02
-1.905858006637110580e-01
-4.154976010058799435e-02
-3.608332724688415039e-02
4.837217338771047231e-02
-1.697742894658151036e-01
2.358903038906463162e-02
1.135152775345633219e-01
1.355371381843630679e-03
-2.391464012766463551e-04
4.845954050614499631e-02
1.331242618944374623e-01
7.415440269836126586e-02
4.553412771151484767e-02
-4.203868828149558146e-02
-6.372429193242827583e-02
5.515937201779534671e-02
-2.542306396309872984e-01
-2.080777161931897656e-01
5.210441283179599592e-02
7.642094210470037896e-02
1.145502892412226942e-01
1.184530463198800627e-02
-1.401457850367004640e-02
1.417452456297812503e-02
-9.669836742753555592e-02
-1.143249842726846988e-01
-6.443707003319212867e-02
2.459017627391250904e-02
8.957370733755094794e-02
-7.254492315675617475e-02
6.333179421070851689e-02
3.068657296543645524e-02
3.834890532908187717e-03
2.465716587275667074e-02
-2.998130136515730470e-03
1.735768906527158650e-01
-1.335543158486048087e-03
1.692603127888490933e-02
4.332193632131398769e-02
7.840333407249432118e-02
-1.736529919655348253e-02
5.816669247939541126e-02
-9.526268287966517534e-02
1.727064240117733018e-01
1.144873425721855131e-01
3.558029894153857172e-03
-7.964240022547036321e-03
-6.935560238513546749e-02
1.826695183152092852e-02
2.443186307719063394e-02
1.042933500595704700e-02
-4.594813152552199020e-02
-3.089261740829611982e-02
1.448448104490103194e-01
2.301160788918584638e-02
-1.913701623154781817e-01
1.560684134923355504e-01
-4.954818341367618617e-02
-1.261015102642823182e-01
-6.954167009435231750e-02
-3.352990781700011108e-02
8.069455710245371227e-02
4.505184258253981666e-02
-1.127609787689693166e-01
5.288652229753477985e-02
1.573457719535601568e-02
-1.257377901190601666e-01
-2.421827590034847030e-02
-6.821132614253552773e-02
2.104344967949588197e-02
-5.870112591328355278e-02
2.948578089179069647e-02
4.275003730165925775e-02
-5.186186654945238589e-02
-5.959438692210919375e-02
-2.409683917592019345e-02
1.308385746615815803e-01
8.085191457411203264e-02
-4.203479725657432130e-03
-2.041142779250109188e-02
5.631773917686942743e-02
-2.867811016327803317e-02
6.286437268486400401e-03
-3.872118623497567552e-02
-9.398660371238114555e-03
4.435021329850368649e-02
1.372858906334236129e-01
6.165566981758489884e-02
-1.160750109637553457e-01
5.129834423958180151e-02
1.854345681136707405e-02
-6.036775274779038192e-02
2.115384479966572751e-02
2.596960388145996487e-02
2.890113744371716753e-02
-9.147217909139027103e-02
-9.357305271275456748e-02
3.326873371010467123e-02
-2.165799665806486876e-02
-7.294555970781822773e-02
-3.397197472456604892e-03
5.611276641446592134e-02
-4.693845002982257458e-02
4.897640793867746173e-02
-1.395625756562471342e-01
-1.406435499962474800e-01
1.252850523060637933e-01
-2.282334306998644660e-02
-2.410087391016902877e-02
2.919946316711151055e-02
-2.772917167988454834e-02
-5.573504372905367654e-02
-3.382671742505957008e-02
8.852416479954981765e-02
-9.286710586948533283e-03
-1.129841021680432975e-02
-1.289424527743759930e-01
3.056049786667619853e-02
4.745877652113506678e-02
-1.050690234242530885e-01
1.177437312161142349e-02
-6.809656157848779923e-02
8.963235515972682588e-02
-2.960767627977194810e-02
-4.391258170324235238e-02
-2.435668515337740744e-02
4.107280691773987358e-02
6.464122774503026914e-02
4.665736398113188438e-02
-9.403376961262197020e-02
-1.228512877407847564e-01
-5.303679691469908447e-02
2.475648928531581569e-02
5.542873502792191459e-02
8.791553931050105630e-02
-1.458721808333334202e-01
3.066309841033565062e-02
1.149690793452222415e-02
6.969695073483486367e-03
-8.307561274936335616e-02
-9.436112439136051799e-02
3.841320620826749882e-02
2.314976381892070757e-03
1.912028297055855253e-02
-1.016338454146255704e-01
1.340029091113355102e-02
-9.731021214857237325e-03
-1.806211409361799247e-02
-3.673578531472752786e-03
-6.705899859803333973e-02
-1.976585338742182785e-01
7.150846147444517298e-02
6.296780421016195950e-02
6.940509148826747021e-02
8.255252924794667657e-02
6.945486249204818607e-02
-1.339238455786340709e-01
7.336672554308806826e-02
8.574056620952211216e-02
-9.843760547970793751e-02
-2.874016794800906063e-02
-1.283254287131419154e-02
-7.498923835609637434e-02
5.971925111409238929e-02
-1.177965541592714688e-01
1.292344199730096135e-02
-7.777676382875430006e-02
7.487013777472660558e-02
-4.383661693697128714e-02
4.037739455418820622e-02
2.956906870918195318e-02
4.513760521972180056e-02
-5.160222740189410878e-02
-6.431969721711871743e-03
2.494574443830178609e-02
-6.762487650370468950e-02
-9.099446544923807390e-02
-3.434820123845699902e-02
-3.671661170377896188e-02
4.129412859574500133e-02
-4.205349157355814729e-03
-1.264572352503787016e-02
-1.418884724836208186e-02
-8.551398860126190743e-03
-7.911948561299358973e-02
1.358163839678003249e-01
-1.430299212149486153e-02
-1.496625902385194939e-01
-3.384352390884850376e-02
7.465213172097030780e-02
6.016341577402498086e-02
-7.262090312282431376e-03
-8.714583434815648122e-02
3.278005697968203180e-02
8.426718413956878206e-02
-1.535427414905923002e-03
-1.870103091781890811e-02
7.142888205069761187e-02
-6.790995813028991024e-02
1.632510206351990827e-03
-7.117465006689052687e-02
-1.831753773296502380e-02
1.221913046395775165e-01
4.778407628151400528e-05
-1.885148690099073708e-03
2.645176630093757850e-02
-1.009396538391165998e-01
6.618682761709933360e-02
-2.528006712173267237e-02
3.389790893104282360e-02
-8.184359459964263284e-02
6.417091007604676378e-02
2.922187669409932048e-02
-1.099887933391751615e-01
7.264183132635568252e-02
1.583342927341389872e-02
-7.970615157302997356e-03
2.161819398743834719e-02
1.869749491104284039e-02
-1.974510290210159530e-02
-2.396966033450573588e-02
-3.369269196335360206e-02
-3.144759405070479685e-02
8.632625063078162853e-02
-1.265690349750518869e-02
8.977554815415857148e-02
3.048353251702381334e-02
-4.755578598727085854e-02
-2.271755624660403983e-01
-1.524111890299019618e-02
5.066014168751704211e-02
8.537634320748650751e-02
6.351263733660467148e-02
-1.299114190943822522e-01
2.579966937690571921e-02
-9.543599181239098214e-03
8.970924520635030486e-02
-7.559281499779371694e-02
2.398030944398815353e-02
-5.056452173481579271e-02
6.778342734318376639e-02
-1.842861294223509597e-02
3.234163181767671629e-03
-1.933590227560761862e-02
1.120948313173287525e-01
5.795530740959674992e-02
-1.086054839159494856e-01
2.675524966494759530e-02
7.493427995789204987e-02
5.935810889067052315e-03
1.245725014083390730e-01
-2.759340098284612103e-02
7.527461470959057044e-02
-8.623672540476313639e-03
7.227928588042503710e-02
-1.246535276564096767e-01
5.019639763131898691e-02
2.772740513106067631e-02
-2.093158032047232886e-01
5.513368765823740275e-02
5.093619222404353192e-02
-7.784867474083125016e-02
-9.273034812766137169e-02
-1.404794587530989458e-01
4.308072857632576358e-02
-1.259257032448466984e-01
9.089478224284026908e-02
-1.272824981561146603e-02
-8.304235164764850463e-02
-1.316829358040374209e-01
8.192172670974068316e-02
-1.197644599684781763e-01
5.206265693796599883e-03
8.351751391622657186e-03
5.166723643210137384e-02
5.548699767428814933e-02
9.760532197875286531e-02
4.080766990123538274e-02
-3.320220897165286622e-02
-4.124286248662721588e-02
-8.289797508063782849e-02
4.649474097283152682e-03
-1.198867999992366505e-02
-5.422053977878690117e-02
-5.401572227898897294e-02
7.623032977153693102e-02
1.259510353444645014e-01
1.288207850408500110e-02
-1.303170319009795859e-02
1.961493657092729971e-03
8.138661656809349776e-02
5.646917233839986172e-02
-9.326888375265540709e-02
3.383183851572350159e-02
-1.534202680596058466e-02
-5.339414242087651974e-02
5.460132322634694141e-02
1.122421011491214760e-02
