-2.931652314538234563e-02
6.050430569802496550e-02
1.638470567089897190e-01
-3.960738888759546272e-02
-2.044930956218145301e-01
9.082919130553719633e-02
-5.163569754693269481e-02
-1.064686700623455190e-01
-8.985764638796228665e-02
6.561842822655855612e-02
-5.034412492273374756e-02
1.004050736865827048e-01
-8.477759897979744025e-03
1.378767062628650231e-01
-6.143253755134042010e-02
-4.171500520664138401e-02
-2.978549838136536343e-02
-1.171610007812838583e-01
2.888173517176099991e-02
-1.944808050932653187e-01
-3.203263647898440397e-02
-6.374949249989954325e-02
1.471430109173769464e-02
5.016092346191881185e-02
-6.379299805732636941e-02
-1.018726899843917649e-01
9.507008603800547186e-02
-1.270937101442806139e-01
3.503608421426118724e-02
-4.534400927689186817e-02
1.817563716969413379e-01
-2.335429381029834398e-02
8.497836887938176043e-02
-7.921235317447400393e-03
-9.812097950257356316e-02
-6.931147397494349938e-02
-6.286625293335551534e-02
-1.832382887012825035e-01
2.723832650093624408e-01
5.528275439930193519e-02
1.675981533227341794e-02
4.690610351039105341e-02
1.003775871024574634e-01
-1.835858639640971512e-01
-7.501106645322180681e-03
-9.277613889657583546e-02
2.224352829741017279e-01
-1.113013713179170638e-01
-4.264355718275680829e-02
-3.470227419768107807e-02
1.787757243861957251e-02
5.007165646268334214e-02
-8.601548753781877721e-02
-7.122258700378049368e-02
-5.924370499850021426e-02
-4.062212057482881417e-02
6.516330475767141694e-02
1.419470162688569181e-01
8.377266974218475215e-02
-1.114281922737072189e-01
4.577829734392144939e-02
5.511304407414446827e-02
-3.445949288765863538e-02
8.438977837497232959e-02
9.795461630973810452e-02
-1.761928769141798135e-01
4.595402479350443881e-02
6.452490216294702596e-02
-6.162832905817346163e-02
-2.600004411440040575e-02
-4.455360939203378487e-03
1.026493835830030732e-01
-8.532295411108925531e-02
6.262661148899167918e-02
2.225932259554817133e-02
-1.171598782537768835e-01
-1.430551520385713871e-01
-1.499539737104854317e-02
1.412686358331322334e-01
-5.206057906603359271e-03
-4.025067465024102092e-02
1.552851140387076501e-01
-1.316219777660936618e-01
-5.826474287987758530e-03
-5.833208723085884367e-02
7.860116597853865350e-02
7.088704993139423316e-02
-4.246648073554538938e-02
9.884044665452074163e-02
1.453404901853833642e-01
3.097375279726011579e-02
-8.173859697414348827e-03
6.994372106117352494e-02
-1.524434236068535065e-01
-4.889910496985119120e-02
-7.589936182111246821e-02
-5.529711907906397633e-02
1.315371069014437677e-01
-3.471772190701154226e-02
1.322538817666265298e-01
5.425993312476691706e-03
1.599623951898383398e-02
-6.243688913661975953e-02
-8.908596685550893360e-03
3.898041018997151774e-02
-3.189347746803734146e-02
7.503471938845292233e-02
-8.790185358331398247e-03
1.168101225420847405e-01
-9.942396845910257686e-02
-7.007344981596607368e-03
3.202064776004304864e-02
8.893058688282012847e-02
4.713655766449388607e-02
-8.039833821276755332e-02
-8.731696395482797801e-02
4.518451718868116140e-02
9.334965886427583348e-02
9.441961767427241303e-02
1.787773367346844611e-01
-1.532825693116723065e-01
6.124787118144132958e-03
2.947094693987956787e-02
-9.707209757210702450e-02
-9.864241265221496135e-02
-7.035646015193203900e-03
1.284092356205534802e-01
-9.752108062865519345e-02
-7.560108334179831135e-02
1.961283235695309574e-02
-4.127041345080565554e-02
2.056812191591822492e-02
-2.164443955355008498e-01
4.365624403001284320e-02
6.767770448990935439e-02
8.319344103000254897e-02
-9.929673611692145518e-02
1.065737894777239181e-01
4.201354710852777535e-02
-1.610519069511526583e-02
-5.053871697773981708e-02
-2.822164520944812557e-02
-7.223818741202719549e-04
2.201050573400961108e-01
4.038824238630377844e-02
-8.775065024748757159e-02
8.187965926495968660e-02
6.464790434090821047e-02
-2.703076773319128961e-02
3.839980178949525119e-02
8.618262063048641453e-02
-7.737228828132045218e-03
6.743506440108064381e-02
7.789977893790334118e-02
-5.295817273647148576e-02
3.825366305600748362e-02
9.645336135396319344e-02
-3.813339967133228328e-03
1.109518223712538665e-01
-5.602426763306199431e-02
3.067719666468010642e-02
1.035624217163878258e-01
-9.853564313387934426e-02
-1.116092005353624961e-02
6.538020301916744326e-02
1.372561705457742975e-01
3.004937872837667445e-01
-1.038384132964199208e-01
1.104047538833096281e-01
-5.155415361724510065e-02
2.294300731040391783e-01
-6.708212798821851838e-04
-1.462071107094210787e-01
-1.842349345642392278e-01
2.058216265526200406e-01
1.524075624278440344e-01
-1.390353815178263230e-01
-1.383338057872486593e-01
-1.436021882560686025e-01
1.169127043454098016e-03
-5.178185071031901621e-02
1.708178333079692635e-01
7.331971429947597985e-02
-1.889413555158675137e-02
-5.065300669131674038e-02
4.749585524256064867e-02
-1.945523288431312559e-02
-1.026541168250842545e-01
1.369571286063678839e-01
2.538321408760682921e-02
-2.338633562352484055e-02
-2.388637185391083162e-01
-1.854524883414811198e-02
-6.036739599792789734e-02
2.482780986286912267e-02
1.443019515985564660e-01
-4.693583618822054666e-03
6.644823458515050629e-02
1.155408370569389609e-01
4.030774615336899652e-02
-2.125831788590891100e-02
-3.078083756483994057e-02
-5.408104137881775825e-02
4.792742560604710406e-02
1.492265283933723596e-01
-4.649707414234369174e-02
-8.533742728791374188e-02
-2.105040289020147087e-02
-1.015849591947336206e-01
8.764866597876684595e-02
-1.092329741415797029e-01
-5.598860131641678062e-02
-9.483213511582823732e-03
1.172596321130364438e-01
-7.913968371452297090e-02
3.081604236526984744e-02
4.241384310906635459e-03
-4.738601657349994500e-02
3.212814718266759906e-02
1.286721399668447341e-01
2.701331253273004870e-02
1.001827092334741515e-02
-1.615720517030475034e-02
7.207975034566665995e-02
1.782885582363341603e-02
5.651225761816972004e-02
1.084079570077344790e-01
6.633660941928916366e-02
-7.260513604366010051e-03
-1.740629462809567540e-02
-9.019873157818716902e-02
-7.648045760711132124e-02
1.258282622642675763e-01
-3.884252795713987599e-02
-4.367210919564599655e-03
2.460980876352511157e-02
-5.096515099188361070e-02
-1.888102503555752765e-01
-5.182527986650066476e-02
3.275024872937253029e-02
5.071042594114447133e-02
-5.449171517581568452e-02
1.182414473573371871e-01
2.452535465975377860e-01
-3.337047848726928251e-02
-4.783575337533094163e-02
5.601741117396306924e-02
1.151547267581181921e-01
-2.118957278940102051e-02
2.022978124438295222e-01
-1.084871575315140141e-01
-2.951642687983041524e-02
-2.628426533580137392e-02
4.573737265878157626e-02
1.286149695621101319e-01
1.012415753879089692e-01
4.783944488162918118e-02
2.660848170643869554e-02
6.345232361054385650e-02
3.916033847969097731e-02
1.394666410985670180e-01
-8.261912578975479093e-02
-2.722821255324610681e-02
1.370972837231755614e-01
-2.647472490175575288e-01
-1.008440447193553607e-01
-6.814297375218319498e-03
5.857973634175075994e-02
5.938030837160777203e-02
6.859899750597293899e-02
1.529113312877657636e-02
3.481443763059084012e-02
-6.157658682702700503e-02
1.308047849137626735e-02
-6.010182327123187590e-02
-7.268519911399075328e-02
-6.975655562927875197e-02
-8.686901497993808341e-02
4.984508436076540844e-02
4.168307430333451080e-02
-9.332868203826250042e-02
1.512588603884056256e-02
1.253653122316195911e-01
-6.886575234031061532e-02
1.585018189420275142e-02
8.883370103193063277e-03
3.394781718969378664e-02
1.750849177251578570e-01
-7.365387810477271036e-02
-9.974024430694405918e-02
-1.369833569028524323e-01
-1.502173604094527437e-01
2.210885144116825907e-01
-8.358989892559040569e-02
5.960015862261770596e-03
8.462048640506678043e-02
1.011913002456084299e-03
-2.015360682642769186e-01
2.286902202494278322e-02
-8.004127147084691418e-02
6.957988125171726823e-02
-3.445533241079606207e-02
-1.235564443875267621e-01
-2.531355796429378760e-02
4.837073818346546844e-02
-6.405366621111088787e-02
-2.221975889727899334e-01
5.909845824308505857e-02
-7.211699969042955488e-03
7.867821516454874542e-02
6.815321754082534489e-02
8.503344858748045076e-02
-9.355487061110513355e-03
2.470916521997413573e-01
-6.401356673772702621e-02
3.578089963331768097e-02
3.067451932438537421e-01
1.142306500691401550e-01
8.624261582729843278e-02
1.367024855215561996e-01
2.403140793847340084e-02
5.278461759584969493e-02
-4.271900143557384733e-02
1.770297413754443328e-01
7.699483791327044191e-02
-2.703059184621443012e-01
8.655396374850074515e-02
1.045855917126775753e-01
-1.261832281628078867e-01
8.526836447055508028e-02
3.537551835419010249e-02
1.105570399816422494e-01
-7.814653393906945134e-02
-3.545036967704283393e-02
-4.026335104346234067e-02
5.629987070479220611e-05
-9.490282266650836018e-02
3.540487334164380689e-02
1.258665784211902838e-01
-1.561076022985542766e-01
-1.434334720728356327e-01
4.608516838832296160e-03
-1.079567758163238606e-01
-7.270583959522426698e-02
6.880147696058250273e-02
-8.899262251260244005e-02
4.854121052037881079e-02
1.057485576669788957e-01
-9.768749198589500929e-03
-8.486654962853595885e-02
1.211861431228220820e-01
-6.917112168078947895e-03
7.814093753720811886e-02
1.699056283822091007e-01
-8.104936955326090889e-03
9.477125554754464720e-02
-2.335108880932096689e-02
-2.732443006151149406e-02
1.892515025044829574e-02
-1.178766394259413847e-01
4.427958965003496450e-02
-1.184317246637891889e-02
-5.085547157615100122e-02
-5.327342788978500256e-03
-1.273915565130386840e-01
-1.865108369722923154e-02
-1.007356353016114064e-01
1.510924350983072206e-01
-2.013207651818753607e-01
-4.625713323613572098e-02
-3.814241493895279694e-02
-1.576234629413628347e-03
-1.667126223185648112e-02
2.772885700870863709e-02
-5.080826346585892717e-02
5.507651101988850911e-02
1.310782673806023257e-01
3.568636262822416638e-02
2.717547556719156904e-02
1.248593779465003856e-01
5.850407619894851946e-02
-1.378014351657227410e-01
-1.573025042226560422e-01
1.863019580743119352e-01
2.586457132058117211e-02
2.295450623382085109e-02
-1.208389878956762364e-01
-4.645600552654022969e-03
3.423257730141165966e-02
-1.849501773595917109e-02
-8.838491217443847359e-02
2.038282174931987933e-02
1.167649902578739157e-01
9.990786532108714146e-02
4.716069967989203193e-02
1.074658614773934678e-01
9.725391291817404860e-02
-2.880207426106843813e-02
1.381295995934462006e-01
-2.281148079325319711e-01
1.552225723755011333e-01
-1.615452487747530697e-01
4.239579652096539357e-03
3.834580889693381400e-02
-6.417496290590163355e-02
-2.166278233251613811e-02
6.726372572088114288e-02
1.052556574752853136e-01
-1.013609703508879488e-02
-3.151345297562729159e-02
1.326907637217544511e-01
2.030745682630265281e-01
-5.328572525463470821e-02
2.889391721359004309e-02
1.141859484268299973e-01
4.107831455252621694e-02
-3.006483005254689117e-02
1.304589497902882561e-02
-1.062568055230508034e-02
7.429578443498094376e-02
1.634344431592269636e-02
6.500041818909115671e-03
-2.851464440546167683e-02
4.697625759159070741e-02
4.560501936142384583e-02
-6.865321830364905231e-02
-6.277249433150933200e-02
9.780237899846451477e-02
-1.107628692489429217e-01
-9.182140482228121070e-02
-8.136740315442708704e-02
6.434598672326382642e-03
-1.106709095275523747e-02
-1.687867633233310072e-01
-1.444701131349729606e-01
-9.313457243403742980e-02
-1.141067061391237529e-03
-6.581528627548424715e-02
-3.655945350580218356e-02
5.109049716216820802e-02
2.479007211090004589e-02
5.383434817110262227e-02
-2.293420043310659753e-02
-1.091182497647929239e-01
-5.279952157628949733e-02
-9.721659064335141931e-02
2.643624424630549707e-03
-2.794172354994879648e-02
-6.005476310271730400e-02
1.018345487974961355e-01
2.698334813623605097e-02
3.542909229754562933e-02
7.453924739470710326e-02
3.058138453980234830e-02
-5.222473718474296422e-02
-9.227066842080854092e-02
-1.648466578813431727e-01
-8.288556938747962399e-02
1.372763025327718434e-01
7.184965383461661137e-02
-1.447460806217403251e-01
7.919386427557602304e-02
4.721879783646719397e-02
-5.964660632505376647e-02
-1.379318422310539180e-02
1.030292802838589650e-01
-1.764388974367320229e-01
-4.959523384171531102e-02
1.112269240818632848e-01
9.551916951523341248e-02
1.279948807228656893e-01
-1.465013789261189747e-01
-8.942583751364542588e-02
-5.223878617825284537e-02
2.519938816709391474e-02
1.045777117401743284e-01
-1.151565799374369009e-01
7.984133055131466261e-02
-9.612826426896303733e-02
1.258235503632343100e-01
2.719942278932777416e-02
5.220142255489364225e-02
2.018473224962602855e-02
1.366288083839997496e-02
-7.989406033808986105e-03
-4.192078237192985862e-02
3.389171714787572037e-02
3.954481355544939986e-02
-4.692269278513195446e-02
5.012014992609104685e-02
6.131524433675107633e-02
5.332806646548157725e-02
7.690890548591310105e-02
-1.730299806829022069e-01
-1.374810643145014111e-01
-3.843035252333996260e-02
1.032756979590814840e-02
8.451000395736829596e-02
-1.947912322326783852e-01
-7.137025467938752643e-02
