1.144357913910610675e-01
-7.960855365968149203e-03
3.506848315533182131e-02
1.142063752790633130e-01
-6.390280885435550839e-02
3.286509009515019373e-03
1.173783804846866528e-02
-3.470034730545955293e-02
-4.869805203978097574e-02
3.830183249576311205e-02
-5.293349353595015044e-02
6.755825086906196153e-02
-8.666528320671469665e-02
2.446707863499986493e-02
-6.828095304405339128e-02
3.397772438521880906e-02
-2.378634137154294129e-02
-8.962989860293402167e-02
-2.126356895748137896e-02
6.092315688427201587e-02
4.986556516318322446e-02
3.525007773727539123e-02
7.124215343124076782e-02
-1.459540895370861624e-01
5.057014283398123672e-02
1.691991097581912670e-02
8.726857248237344933e-02
1.178533850159054347e-01
1.717514795535647343e-01
-1.407582482850047029e-02
-7.462639619856048512e-02
2.759822362074025592e-02
-2.349741401782423113e-03
-1.006319979969506617e-01
-1.873315675251194592e-02
-1.051839160632531654e-02
-7.741851053664415908e-03
-3.137818120389854887e-02
2.739496419745934136e-02
2.826979425129792084e-02
2.033004073864228337e-02
-1.393382349021829274e-02
1.117851842101651033e-01
1.135392787444706141e-02
8.975770765354047775e-02
6.984348426074803162e-02
-6.578734765404582741e-02
-5.721833686418181103e-02
3.589389970805335894e-02
4.853185285378449482e-02
-3.665376201436805524e-04
-9.188177562272237947e-03
2.348420561307354437e-02
-4.661170956007361019e-03
1.890531968765216397e-01
7.944200919711322251e-02
1.317775625416084118e-01
-5.782445555172128354e-02
6.985375653025439890e-02
3.855484737960410135e-02
-6.819389703348655712e-03
-1.602258406613123187e-02
4.150733684172752680e-02
3.740335431863967691e-02
-4.340562335780839137e-02
1.068040967645758760e-01
1.025950518835552633e-01
-1.413140281324014227e-03
-6.271107759148077110e-02
9.730596306498386777e-03
2.205599410161084017e-01
6.017313687199696282e-02
1.177584416501177567e-01
5.327691876149520667e-02
3.850097336050502944e-02
3.437772002646669045e-02
-1.774152430635156028e-02
-3.871325253691567519e-02
7.388090282228121884e-03
-5.054747230270166536e-02
-1.202372222708533306e-01
6.721275137000611889e-03
1.445574438533273965e-03
4.035510596606234346e-02
-1.005273477942142391e-02
1.302254889010350837e-02
-1.747983378201155846e-01
9.090067695260059533e-02
-6.123067364454378575e-02
7.852001217103705619e-03
8.660353181744557746e-03
-1.087896998248403663e-01
6.013227919004174738e-04
2.797727062420700059e-02
-3.261036567029512723e-02
1.751117123533782113e-02
-1.402326850244208986e-02
1.285085044920331876e-01
-2.567953080771354785e-02
-4.101570074471647120e-02
-1.405931287966941390e-01
3.528400562150304370e-02
-5.796694865177084294e-02
-4.251705562346821954e-02
-2.415689926955153291e-02
3.229156618750589347e-02
3.609889868615837744e-02
9.791109600221324649e-02
-7.082086697678635634e-02
-2.259368463483063527e-02
1.764182776264181310e-02
6.459263539499927875e-02
9.202325558505614067e-03
-9.770118360206356267e-02
8.265650234470334201e-02
-4.465977977007884459e-02
-2.668229035935111224e-02
-4.902195672733156845e-02
-1.593792966470701858e-02
2.315968455231855183e-02
-8.338799730196773397e-02
-4.158824354111526067e-02
4.691363755268068009e-02
1.867290725930392109e-02
-1.076918345635684976e-02
1.682324043455984131e-01
-1.601064166073199457e-01
-5.112499913475446883e-02
-8.252879791073758353e-02
-1.418173663584186284e-01
-3.954829567813286824e-03
3.092087036541336237e-02
-5.501218429634637669e-02
-7.141159178860836954e-02
5.554673928611613548e-02
1.072902316929483929e-01
3.675977812042155457e-02
5.475534987543993759e-02
-7.694536909065696761e-02
6.426616506460020029e-02
-9.181519980971593331e-02
6.491416669281055429e-02
-2.517229241567474352e-02
7.322021653926794049e-02
1.583689079689321738e-02
1.287986107487961718e-01
-1.197889663254613213e-01
3.047154695170741986e-02
-2.608732183477300084e-03
-8.026496857765628642e-03
-1.263054225331322056e-01
2.637765369084903860e-02
-2.826073459817049147e-02
-1.764859339660201790e-03
-8.500401133906489159e-02
9.284968695628641189e-02
4.166789451426826385e-02
4.218967732916852759e-02
6.993564457391068800e-02
-1.169075534024880542e-01
4.164309847383271951e-02
1.022548520086018764e-01
4.819326674632764401e-02
-5.236013147459378514e-02
3.324879601313193711e-02
1.242256752504885577e-02
-7.552895293136150344e-03
4.228445721215598474e-02
-8.539687659456661820e-03
-7.821130710789306328e-02
5.550721145929084221e-02
-5.452481074249455190e-02
3.456568672396333891e-02
-7.786835596262353665e-02
-3.109050392142372402e-02
3.465684559912085572e-02
-8.499770036418825836e-02
4.392437713452937431e-02
-4.416791865753235541e-02
7.649976777251929483e-02
-2.964531541777284257e-02
6.592810599651581505e-02
1.427322289799565908e-02
-1.625014092993747050e-02
-1.701477052469721751e-01
-2.438998889083620822e-02
-5.081267234690204498e-02
8.991936926160239152e-02
-7.479519648427024325e-02
-8.752652724277606294e-03
-1.154421644525839702e-01
-5.475073274352938724e-02
-2.127318343186196392e-02
-3.828368272523173261e-04
-6.392486123328164696e-03
2.071387178930941472e-02
-4.877736818192868196e-02
-1.367929324852338799e-02
1.017851817034647402e-02
8.995251449954272394e-02
-1.855174912830511239e-02
-6.827521671840267037e-02
8.795529059616122303e-02
-1.206925829264847774e-02
-8.366371871697618479e-02
7.488546431086828825e-02
7.717975838108810660e-02
5.558797250788231198e-02
-1.159120247267162937e-02
1.660737422397894417e-02
3.874745325891252451e-02
-1.799879068322957749e-04
5.606719790386552327e-02
-5.823936850534892212e-02
3.516895620405641708e-03
7.409175811843390913e-02
9.429519328201151074e-02
-7.764829132792010202e-02
-4.729320112063425258e-02
7.462531707303914075e-02
-2.365354393935567914e-02
5.765918212328357412e-02
-8.231779190489528497e-04
-1.061749644559310812e-01
1.061798279530447725e-01
7.135449457036015242e-02
1.086502695411990377e-01
-1.041684317796548881e-01
-2.574860744492964149e-02
-5.137510881955167918e-02
-1.026689891410395919e-03
-4.138022051403239532e-02
9.099423646029884682e-02
1.846850467875352231e-02
-1.517423314252588917e-01
5.133693918308850773e-02
-4.572215144955325133e-02
4.847992081028106026e-02
5.858134240777974032e-03
1.380591842828141416e-02
3.146620001864114391e-02
8.986907500037003005e-02
-2.405600993294951598e-02
-8.781001327025422798e-02
1.518399378556175086e-02
7.703539543558404756e-02
-1.806488110308245854e-01
-7.210315194003777579e-03
3.097260696722198975e-02
4.549999630945845280e-02
5.350020437838926002e-02
2.986106562054040119e-03
-7.995727937751931011e-03
-5.189356782407390789e-02
-5.016657417969113547e-02
1.325971308411731664e-02
-4.208130419179562792e-02
-3.979989508268570752e-04
1.099661833995477511e-01
-4.007534120214067963e-02
-1.956778608925483220e-01
1.435847274357487102e-01
-4.907570394009044129e-02
-4.774021789936319649e-02
2.632883026215844958e-03
2.067138884700911103e-02
3.245118256057697576e-02
-2.569028733736766767e-02
9.580006142094599220e-02
6.496187852262783058e-02
2.922582483019118063e-02
-2.198986239370691320e-02
6.355098118644937621e-02
-4.771518035192598428e-02
-1.101369002192599950e-01
-5.584480613315129238e-02
-1.564606124960543909e-01
-1.164092777433691633e-02
-5.647841321628095657e-02
1.368727246652105267e-01
6.395373288359326724e-02
-2.147300848967793885e-02
-1.128729238538431628e-01
1.587428757159175252e-01
3.729237619938235299e-02
-7.248243773856774541e-02
-7.907655212056054206e-02
-4.873668128063610161e-02
-3.675218185736363330e-02
-1.753031457228633461e-01
1.113367717130865284e-02
1.731715234571622186e-02
7.623244158352322081e-03
-2.140132638667071110e-02
5.344542572965341881e-02
4.475640264867063178e-02
-3.100676123241292298e-03
-6.817635101504243567e-02
-7.728656808099026998e-02
2.795627465013931622e-03
1.205264122832235968e-01
8.596587338002500273e-03
-5.009392503326530466e-02
9.958687073050248584e-02
-4.458200881299658608e-02
-4.307721711991998464e-02
1.957004060321765673e-02
-6.714294684526830870e-02
-7.000888207432416112e-03
5.908573117224483195e-02
5.281902633865044432e-03
-3.527737432629969583e-02
3.853853771484055946e-02
-8.705750239961375370e-02
1.486988505585462306e-01
-1.239047583418841081e-02
1.296361455264286380e-02
1.219624867483039277e-01
3.261747762066535827e-02
-2.342378632173474154e-02
-1.796755006699385371e-02
-3.294996424038088012e-02
-9.310618650604100821e-02
-9.553519993490001971e-03
-5.465104347154150187e-03
-1.963626180654571840e-01
-1.139482217212070686e-01
-7.918864414405655042e-03
-1.546936376695798865e-01
4.456763473615672766e-02
-5.177814600476372126e-02
-1.138054052871510929e-01
-4.546710162190219229e-02
-1.777855107447778513e-02
-9.322981902954409483e-02
9.014822676680927030e-03
-2.931640014381178654e-03
3.807061641718577361e-02
-3.274157721901427287e-02
-1.701998926891418185e-01
-1.187169207918577912e-01
3.365551770081447874e-02
5.559768469387108046e-04
1.492032821661875008e-01
-4.616265761774578785e-02
6.073480005605902702e-04
-8.008386036891117221e-02
-3.757981656257083219e-02
-3.994739220091977905e-02
2.782811367304707448e-02
-4.393542559322039659e-02
4.960656553337318420e-02
8.653714815608758160e-02
5.648009766092530054e-02
-2.735054397630083331e-02
-9.411292409413134219e-02
8.407916123334882585e-02
-7.154005928940064540e-02
1.254885477309438668e-01
-1.119706390679644885e-02
4.556589568985924821e-02
1.084246532649641437e-01
1.907302898093272622e-02
-7.179726199898541286e-03
5.578080661364921700e-02
-8.662648619313161958e-04
1.569495383560395863e-01
-1.219709248597872359e-01
-1.095397555800931150e-01
-1.683283390924258504e-03
1.491887330564268810e-01
-1.027473244867634222e-01
5.255669884472430331e-02
-2.841904387521354200e-02
-2.829301049597476164e-02
-5.231561918208612466e-02
-1.498408994895787313e-02
-1.076030458920996385e-01
7.683713559367680301e-02
8.828016066531253758e-02
1.519789699468406807e-01
-3.437987352236294286e-02
1.697178823393967299e-03
-1.335891073495349204e-02
-1.071407292955738888e-01
-3.739695377051318031e-03
6.200373300299363150e-02
-1.130745244556595475e-01
4.005727993311072183e-02
5.786488354314468091e-02
6.392111588373977638e-02
-7.437619010741024217e-02
8.681150936634250692e-02
2.676039929901317949e-02
7.454038521966654431e-03
4.978504985613079609e-02
1.126282159290570434e-01
-7.813607030024688482e-02
-8.411781743465164551e-02
-3.621919260941888069e-02
7.585649553676726553e-02
-4.863863007535201149e-03
-6.165614065418760503e-02
-1.171269673574803494e-01
4.947592995072574301e-02
4.362003920009228930e-02
-6.754289929499406042e-02
4.631059314129543081e-02
3.311165394401780621e-02
-1.387409860016124152e-01
1.125139527874056827e-01
-8.486206736062519573e-03
-3.164047232124724950e-03
4.032933486060234773e-02
7.322799161865548023e-02
5.398199763205727836e-02
-9.503610349204771879e-02
-4.338590604046114324e-02
6.725455505353862030e-03
-4.789073189173858464e-03
3.013450154080455148e-02
-2.841790713505432456e-02
-1.026859559327429616e-01
-7.249405977062242309e-03
-2.988135162194993991e-02
3.887126946910475500e-02
5.668088683653764621e-03
-4.319557682707028667e-02
4.199763468482094891e-02
-5.475777012408995781e-02
-3.502822795168815395e-02
-1.757702232461808359e-02
-6.757213611887735727e-02
4.869148611408840449e-02
-8.251024806154844127e-02
9.460315664792909307e-02
1.028390333454353156e-01
-3.720263923654608396e-02
7.502028479299001351e-02
8.786900348092632762e-02
5.600825374363928300e-02
-3.134918872232032167e-02
-8.437455667297544259e-02
5.609748484936146612e-02
6.518368624662039534e-02
-1.045090063290394361e-01
-1.593641420628556099e-02
2.956829442208971578e-02
5.694775000507955320e-02
7.512139393547331845e-02
1.738890002967378653e-02
3.667336482234075101e-02
-3.556022614598957493e-02
2.415052149695351771e-02
-6.999897955856730636e-02
6.762736927600276893e-02
-1.582141349387101645e-02
1.495777783533498544e-02
3.910398653354886511e-02
1.692025805972514618e-01
1.112262070428677446e-01
-4.450008583629272430e-02
4.571903278742688037e-02
-2.329819517693557454e-02
5.848621347991230651e-02
-3.140923992236729911e-02
2.290327829502734544e-02
5.639834464787214091e-02
4.941565666026552506e-02
3.674049376177703548e-03
8.269668807961526313e-02
-5.156034805511158954e-03
9.795460592020215074e-02
-3.409441549994605275e-02
-4.570467593462308048e-02
-5.413353252600095616e-02
4.026377068223443989e-02
-1.646279388148783884e-01
4.032727929152007257e-02
-5.907968019909914416e-03
2.377346161038821834e-03
1.261841058536995741e-01
-5.489696114290552875e-02
3.324693704965140176e-03
1.214947816673630776e-01
-8.136552103080318954e-02
2.581761491079897358e-02
1.271874569136822175e-01
-2.698917841643071885e-02
-2.108301293318502398e-02
4.863298080180322031e-02
-3.660388053198530833e-02
-5.070460054928169896e-02
9.095955358411128566e-02
-2.064535912471694278e-03
-9.134136565400416755e-03
5.672174528757410739e-02
