7.703869438764711364e-02
4.943009935368464225e-02
-9.493602462483581887e-04
-3.273733073324828352e-02
1.073010046011997065e-01
-1.130752296859411227e-01
4.502837575472160014e-02
2.522681495964469028e-02
-9.698652382050046428e-02
1.045331912739708713e-01
-9.930458606183179687e-03
-1.033012030287755977e-02
2.070746288760121068e-02
-5.061097284053665823e-02
-2.041639813672501691e-01
-4.495537398225711578e-02
-6.813543919344386413e-02
4.786247271200030733e-03
1.945769684964631166e-02
5.465028298585015987e-02
-1.901539923985262892e-01
-2.559019345006044097e-02
8.248196386850993470e-04
-4.612964308712008688e-02
8.974601575631983852e-02
4.418740460573514911e-02
-6.022033298381632323e-03
3.300346149263942014e-02
-8.868702265063888035e-02
6.534933162848587107e-02
2.808377827408783771e-03
-8.069781163120622047e-02
-2.261715946185444831e-02
7.592532092606726901e-02
3.346174627738625340e-02
4.663716272642215444e-02
7.364201381441395911e-02
3.718100449261427937e-02
1.322242967422871951e-01
-7.406678284772720555e-02
-7.464519290158630471e-02
5.002996983110327006e-02
-4.698283537077528604e-02
-2.760068621564348845e-02
-7.460722165451247681e-03
-3.446398100167094580e-02
4.120520704293942522e-03
-8.306741781862281293e-02
-7.552588194540278688e-02
-2.695081529710929846e-03
1.188934647845025783e-01
-1.133185387846098874e-01
6.197333904282391337e-02
1.472611714234480507e-01
2.113675462190432036e-02
-1.032628118895599773e-01
1.412419850692263161e-02
-9.834825786218397148e-02
-5.373473319109624280e-02
-1.105896788516733398e-01
-6.697651652228427122e-02
-1.503958506844240393e-02
-3.409377034617817187e-02
2.459485335381581678e-02
-1.215544101731485215e-02
5.907554421828910274e-02
6.218749657280506216e-02
1.274359907614703094e-03
6.534212979149447466e-03
-2.624180845492045128e-03
3.508541214030552052e-02
-4.607225563862010764e-02
6.630542502390432413e-02
9.557603422903546142e-02
4.630096005022858729e-02
1.519156637088862546e-02
9.416601408369380116e-03
1.131140308106824699e-01
-3.117860697194915418e-02
-3.768737784552561240e-03
1.711876565236084002e-01
-1.440874229061276379e-01
5.649639661850740582e-03
-4.624885768810486214e-03
-1.358381916664224559e-02
3.882543922694704774e-02
-1.188195431394956439e-02
8.515730801388128601e-02
-9.759333924199053989e-02
2.561238627452847028e-02
2.035801618474050376e-02
5.596617312549960477e-02
3.669233930377883979e-02
6.579973262477657042e-03
-3.085890160970652593e-03
-4.124419806403435002e-02
4.559672475485900683e-02
-6.387337301860869510e-02
-8.038502774827245567e-02
-1.089203157088660529e-01
8.240227592646737209e-02
-5.215682020280162923e-02
-4.534463848656320600e-02
7.743448959102930407e-02
-3.294348107211975303e-03
1.195387658707992851e-01
-1.405229423355582319e-01
6.733185556439100217e-02
2.425824067930289207e-02
6.007018061007021736e-02
5.913605308296497609e-02
2.347708495123774879e-03
-5.636683909365960282e-02
-1.104052797586235896e-01
8.594266047241472251e-02
1.132227208419201298e-01
4.619747472384830994e-02
9.525675843851662272e-02
8.885288995618464969e-02
-7.944091995977975440e-02
6.272488320313156229e-02
3.330262757562663101e-02
3.398738975838010157e-02
-4.165479506216875072e-02
-5.780023903000911477e-03
2.790990854136874560e-02
-8.431546166523121513e-03
6.921797382623948169e-02
-1.440711572070220610e-02
3.215720453981077420e-02
5.418483016124538837e-02
4.875628923097750922e-02
-1.304904127408223688e-02
2.207056354169162349e-02
1.110605291932393324e-01
-7.827901105293483264e-02
6.975965388919599941e-02
9.040269547732389388e-02
-1.102160357103264612e-02
-3.616081575279208454e-02
-1.310792938606316141e-02
1.417059391588273154e-01
-7.542402571388786246e-03
-1.342947333251299780e-01
6.915143272577835287e-02
-6.963032965426891284e-03
-7.452461667477522367e-02
6.078868771302101126e-02
5.907116480498261768e-02
-1.202666416402147637e-01
5.521925575974101497e-02
-4.626445834408086238e-02
8.737983738467304529e-02
-3.621139377229053852e-02
-8.198304701003972239e-02
-8.754261545921079857e-02
2.359698138228879735e-02
1.459767964764868420e-01
-5.467790524404907149e-02
-3.007543519808189916e-02
5.684078763939186263e-02
-1.594490482486995986e-02
6.202758582132268661e-02
5.630482091571808317e-02
-1.342796805843317169e-02
-2.056421625097132055e-01
-1.906055292226409639e-02
-3.848205399057523513e-03
-1.135936872429289812e-01
-1.074835071628139627e-01
9.828036283118039493e-03
-8.003549742710992787e-02
-1.262517816877389842e-01
-1.619303125404015775e-01
-2.359788762727597217e-02
5.407879136171194617e-02
7.172951158455190268e-02
1.480382063056515964e-02
-2.426372779480034242e-02
5.068688389548686030e-02
7.135027840508145758e-02
-9.316500474019315248e-02
-5.556291985525913663e-02
-1.203910019719642982e-01
-1.539481809511464017e-01
3.609469557348972402e-02
8.611409054274239694e-02
-1.461949754506863992e-02
5.164440348753585042e-02
7.473947758559899845e-02
1.034885643828083596e-01
1.609173306260076527e-02
7.342434582001984567e-02
4.955798558026937306e-02
-1.698753155696405281e-01
-4.323067022491407924e-02
1.146166730482034261e-02
8.687879540376655663e-02
1.797138627915091103e-01
1.060956294907239306e-01
7.383843437633932916e-02
-2.602204288230319448e-02
7.223283414442346895e-02
8.492325974935957533e-02
3.957997205148242742e-02
-1.855593829772286471e-02
9.257949598859294138e-02
2.782877021042538118e-02
-2.715722718956757598e-02
1.721663362088199090e-01
-5.041864604180975457e-02
1.894933505004591304e-02
-5.994313767171177698e-02
1.884814740242167844e-02
4.752866519611900070e-02
2.027008204863884472e-02
4.630707965654554809e-02
-7.665417254719024409e-02
7.127351554153413260e-02
-3.770545905578046031e-02
-7.607329707346370540e-02
1.376404102605728250e-02
5.025052810665573549e-02
-3.052276219174948277e-02
6.922546583785312013e-02
3.526440130641365217e-02
-7.194724371821928366e-02
9.056979883465970937e-02
7.093790944563767298e-02
-7.562917553128213621e-02
-8.403107903895441072e-03
-3.216367985916103456e-02
-7.600512907218930428e-03
-1.649432544520439831e-02
5.173249970886045074e-02
-2.270832439243430391e-04
-1.328556191516363366e-02
-9.239929453085428401e-02
1.477181407692615411e-01
5.789251815204055768e-02
4.347945579497521085e-02
3.567180286841608455e-02
1.205533570662871076e-02
5.909015456195104710e-02
1.870586664468034538e-02
4.047708730265715815e-02
-1.260512588292248826e-01
-1.239125528815389621e-01
-4.661625091852044517e-02
-1.314998423922718873e-01
6.550884432599467233e-02
-3.922685215395772806e-02
-5.467504326145439936e-02
-4.157870794599709263e-02
-3.054156843748597264e-02
7.765718875490576316e-03
-2.791945139539972823e-02
1.733576927219451780e-02
-2.782651124248687602e-02
-3.247036716341759194e-02
1.109609280545660465e-01
7.180303881205320204e-02
2.208716488197069727e-02
1.723114165039798529e-01
-5.786893323994927313e-02
6.849212863441254961e-02
2.125492734012721791e-02
-1.161864507236947675e-01
-2.534922413193596569e-02
5.840262120994721418e-02
6.461955088040739759e-02
-1.001996468931398848e-01
-1.529901735308916797e-03
1.047980766888343684e-01
5.185372834380419516e-02
-6.658813264327223536e-02
-7.128708019578031997e-03
1.030997610666032349e-01
-3.547417791965992717e-02
-3.483301782787239648e-02
4.295356808380870056e-02
-1.368920070897178820e-01
-1.067251663966597638e-02
-2.546468586526224372e-03
-8.019053822979996249e-02
1.132896835054147261e-02
1.875095109764446377e-01
4.604756474435360569e-02
1.400280119669606096e-02
-8.665067019617915534e-02
-1.396663033333456032e-03
7.909679644410465282e-02
5.947909756452176427e-02
-6.693133524029015735e-02
5.900197976152980056e-02
1.665991952355152378e-02
9.072861367488746498e-02
-2.998702476171731870e-02
4.690334055463236257e-02
1.084292473256799443e-02
-1.510018180270122912e-01
-4.213007924854693387e-02
1.985180344292116206e-01
3.099004828471887962e-02
-8.650667517112456406e-02
-6.415070818183515877e-02
-2.264931522464181182e-02
2.699629726307220187e-02
-7.972362038490062031e-02
-1.916249532722819338e-01
4.405034679034920686e-02
-4.550619694442368385e-02
9.871945403915713402e-02
6.915757098034644446e-02
9.350728600294493098e-02
-2.762096756486537297e-02
1.211554686417259524e-01
2.265479264932755005e-02
-1.451899685141091745e-01
-9.933393340307317132e-02
-1.438731013344538567e-01
-1.275838311054707797e-01
-1.277388431567320383e-02
-8.263174412083620565e-03
2.190977101758326620e-02
-2.999854008724436860e-02
1.355630203708785286e-01
3.307538427702800404e-02
-3.349814765230134384e-02
3.386299464575100171e-02
5.196866262840216938e-02
-2.526192848093681761e-02
9.181025123691509415e-02
7.107377303183555484e-02
-1.064377212184707544e-01
-4.438125208863813453e-02
2.458211438782630098e-02
4.516943013285669439e-02
-1.536705648687460568e-01
-7.486418563301871186e-03
4.136910433122414910e-02
6.170211626971479173e-03
8.298182632597517205e-02
4.765716243121053547e-02
-2.678287655466757983e-02
-3.142310206255706506e-02
-1.953084102403735908e-02
-7.927378152996218674e-02
5.491577822879935983e-02
-6.450134148746446312e-03
-1.146588321591487242e-01
4.214700481814586536e-02
3.198992711815894924e-02
-1.966991070037114875e-02
-5.548432089092543429e-02
3.308686453273082528e-02
3.026800653379612543e-02
1.003164461405767552e-02
-3.692729445069187905e-02
-3.638830381883165210e-02
3.439839214222956132e-02
-5.702840821743348360e-02
1.818786615572516585e-02
-1.320139568503503891e-01
4.308824743187204126e-02
-8.506639080801338404e-02
6.984472392072549329e-02
6.977404356973233857e-02
-1.115659759320761224e-02
-5.422577434453663275e-02
-8.191709072838769534e-02
9.141034825243495032e-02
1.015487778886320080e-01
1.586174179019956831e-01
-1.045843353710137619e-01
2.116069548493524841e-02
-6.724156714563548319e-03
-4.983040265603897595e-03
5.702773257827417619e-02
-1.417161645748467313e-02
-1.402747981167766778e-01
-9.818228026623060378e-02
-9.365042891556844482e-03
-8.290374881467157953e-02
3.906398742268991919e-02
-9.391992357622033771e-02
1.904937895663827430e-02
1.614162875241340403e-02
-5.629792498587441602e-02
-1.965170281697611182e-02
-2.627139680470230720e-02
5.057764083009817779e-02
-2.954524662053889528e-02
-2.040665075114670921e-02
-2.866074854890274942e-02
-9.088658302562192814e-02
2.510545151805319147e-02
-3.468311144972162363e-02
-1.264244802182921436e-02
5.734559331316291426e-03
8.032623462478157353e-03
-2.420192413907399157e-02
3.748299162721896449e-02
6.367085737012771751e-03
6.260676635358514673e-03
-1.239202075123391061e-01
7.533637610195292877e-02
1.876549096106039372e-01
5.297677730029982240e-02
7.320453288757219901e-02
-1.109544427806355288e-01
2.122290755938607831e-02
5.643834925571015321e-02
3.632682489963617173e-02
8.711885624773524350e-02
-6.903655951516866895e-02
-7.111808640793183811e-02
1.431877647419181436e-02
5.927943446362839153e-02
1.054078107130919546e-02
-6.080825379719324852e-02
-3.311313727230116855e-02
-4.906481446354342413e-02
1.578957805966439004e-02
1.822483569721628782e-01
1.768671095476393590e-02
-1.823427887860641985e-02
-6.410061773491629311e-02
-7.995865846753995310e-02
9.870959564523605623e-02
6.876594305534231011e-02
-8.430176875256815971e-02
7.246442270257730245e-02
1.180144284935450393e-02
-6.397743243036625727e-02
1.165063886013452538e-01
7.007483938351249941e-02
-6.811096494392900047e-02
-1.857166819285334045e-02
-7.659425149582112409e-03
-1.154473900677117082e-01
-4.888470739793139563e-02
-1.355438476474292442e-01
6.848148489549202300e-02
-1.166584694811421408e-01
-6.718664268085272617e-02
6.760694130614089414e-02
-3.888987017981920119e-02
3.454318723589016454e-02
1.441794134979987596e-01
1.769231942191955287e-01
-7.216022572530164658e-02
5.084202948047800152e-02
-5.493940867545078766e-02
-2.297017953292335157e-02
7.631160553766798416e-02
4.276210287469280058e-03
-4.006802657470841245e-02
4.377305198000551456e-02
-2.025465805564813371e-02
-2.784595103937016064e-02
4.308660070868168546e-02
-1.168159273907603823e-01
1.846824680131240945e-02
4.855898353109571082e-03
3.399398571745192946e-03
-5.018896481226786188e-04
-7.727955726651912494e-02
-3.719492541439210070e-02
3.667759894897102552e-02
4.060842559667664914e-02
-6.447115476787872168e-02
-6.856113544962455508e-02
-4.272092044622179813e-02
2.071874831657237181e-01
6.434979483294596403e-02
-4.342277911097892906e-02
2.599168487662188373e-02
-4.593441142945728362e-02
-6.127656121146608098e-02
4.717724140492904339e-02
-2.520442630886598340e-02
4.246857603594905717e-02
-4.039531099420734517e-02
-5.231565343330528374e-04
-2.117183100247831823e-02
3.452035809701178848e-02
6.945554620848982952e-02
-8.151416225958897643e-02
1.306708478969315912e-01
-5.058684988825117718e-02
5.581079061039975059e-02
-4.844047919375352867e-02
8.525614326305744339e-02
7.844841398815373401e-02
-5.436025480124201392e-02
-1.682446887847015640e-02
6.253024102490144231e-02
-3.427918020858441994e-02
