1.382835033632124344e-01
8.918393500780011363e-03
1.607175321082091879e-01
-1.328448972770111466e-02
-4.675216735194941131e-02
-4.103878920193351244e-03
-2.046137568977435817e-01
2.730959066488898579e-02
5.242682675326299641e-02
6.786253011308837624e-02
2.382658691920954558e-02
-6.396966028445803809e-02
1.316142739413424419e-02
-1.669753873116262000e-01
-4.754521437377528387e-02
2.876357930173441269e-02
-7.750116544105407901e-02
-1.185643050691937567e-01
1.460477457674403401e-01
6.331904132128415852e-02
-1.629260038536384583e-02
1.048299856040028621e-01
6.983550815837359649e-02
1.940359679138743687e-01
-1.718061339780798114e-01
3.641576992036470173e-02
8.822383123860021159e-02
9.453041206663702345e-02
-6.712274435768397773e-02
1.714473599516232738e-01
5.041893646263787693e-02
-1.106400159368269021e-01
2.667981613714073136e-02
-1.548365443586381118e-01
-1.016509660262655268e-01
-5.294617921563805896e-02
1.880134238118867651e-02
5.327813589235353559e-02
-3.808858623911960672e-02
-8.529747863655631757e-02
-2.555139163479325584e-02
6.852872053351169446e-02
2.118266007971676690e-02
8.730455008727412702e-02
-1.786978079427454791e-01
-1.530014407000059029e-02
1.163689154776150481e-01
4.873295115174649042e-03
1.461112379826645657e-01
-1.461343837359908027e-01
-1.843403210858606325e-02
-5.185662543202387842e-02
7.115533621902025985e-02
1.037930747587609837e-01
6.024152290016899364e-02
1.525464707418263677e-01
3.477562897390730490e-02
6.198190024835261575e-03
-2.417124480159648162e-02
3.465738967874383569e-02
-1.187875906438710244e-03
-1.069674636673799591e-02
-1.727729103363174479e-01
-1.547902981249451582e-01
6.453352616955761178e-02
8.515237753762718020e-02
-1.948991333092590095e-01
1.215405337206386244e-01
-5.090431922591851649e-02
-8.133988900568880909e-02
5.388417974473162092e-02
-2.011826446477947561e-02
-1.207979501616269769e-01
-4.329124829128501439e-02
-2.502770564676021214e-02
4.836056234946433524e-02
-4.534309779270866841e-03
1.202372444313122152e-01
-9.995249322381728752e-02
3.464899324158439691e-03
-2.362871076439108584e-02
-9.961968262192455459e-02
1.092521118717271200e-02
1.393278056948344668e-01
7.900293856632663314e-02
1.469407761981424976e-01
5.630957971428495606e-02
3.321905410510923168e-02
-1.266673143392136637e-02
-3.427154911626589112e-02
1.026795389770350786e-01
2.508331339810743882e-02
-2.195348697349464029e-02
-2.536260268878839375e-01
-1.920320211348530148e-01
9.664207856894199006e-03
9.898542964424535129e-02
-3.665080951438765000e-02
-8.314722726626408433e-02
4.622909685064885421e-02
1.533566480542867538e-01
9.886114501486092943e-02
-1.045892146608684847e-01
1.011017543508738181e-01
1.462523198996575347e-01
1.756361641919756272e-02
-2.711459965196472144e-02
1.114842409427269920e-01
-2.272999815381751207e-02
-4.032897919626560190e-02
-1.072560644276141784e-01
-6.499691238294399986e-02
1.257481336720440435e-01
-2.739430162895702958e-01
-1.039300360612364083e-01
-9.169270898191091146e-03
-6.320054041418050883e-02
-1.169414497854177198e-01
1.454211673835005825e-01
1.306368079297913487e-01
-4.833872432806844699e-02
1.732611272464559815e-02
-1.664701531700511217e-01
-5.814365762183987957e-02
-1.087839404592054193e-01
1.232806326961671528e-01
-7.308988975881773598e-02
8.071102106396765841e-02
-3.631196013821271656e-04
8.520692900188819863e-02
-1.943299193716335194e-01
6.064279930528260198e-02
2.762086589372896375e-03
-9.713204460474267332e-02
-1.197710193228236214e-01
4.287204287736683626e-03
-1.043856293306776317e-01
1.327173167341168421e-02
1.420808551202485948e-01
-5.044574957312648877e-03
1.266881881343278823e-02
2.895549304924099551e-02
-1.412022384248360907e-01
-8.540868904943458781e-03
-2.302463407895097638e-02
-1.058783721119950644e-01
1.425454168363683993e-01
7.716771156706453416e-02
1.073806662559198821e-01
-1.677677210553578657e-01
1.169480939290478694e-01
1.000812195814199668e-01
1.159184286626373100e-01
-2.559002352957594900e-02
5.960101731751399692e-03
3.599756743835486050e-02
-4.443206323938874575e-02
-5.279226850555533007e-02
-4.322109887204706596e-02
1.324412210147581925e-01
-1.322129712683341174e-01
1.268537523183476678e-01
4.136582423826667965e-02
-1.075762285288855286e-01
1.441693215455184252e-01
-1.739957683023345136e-02
6.595335991739796622e-02
2.556165741174138990e-03
-5.892943612321483761e-03
-5.882663472912477015e-02
-1.030369022154018488e-01
8.102940505560396467e-02
-2.854944246268913480e-02
1.140366749696017541e-02
7.472052228974151999e-02
-9.054324352642498241e-02
1.778956903116237637e-02
-1.303500241069044385e-01
6.839754488206252481e-02
5.980082445076820991e-02
-9.008361616652301590e-03
-2.323589010334236801e-02
1.717555471944508597e-02
6.897643530459578176e-02
-1.193392149269673769e-01
3.136913763421918938e-02
-1.384143417919960206e-01
5.359554017230842848e-02
3.274192680149499990e-02
-6.327070215729842587e-03
1.620032695629112507e-01
-7.927578128071854913e-02
-7.195321851029437554e-02
1.078481231197163520e-01
-4.660758364430066941e-02
4.717590179657697724e-02
2.768604798870734698e-02
3.596504875579769472e-02
-4.407145870677101757e-02
-2.368005325465914399e-02
-2.990986089170278531e-03
-1.259288930021243424e-01
-7.959479357570145575e-02
-4.914646028621898893e-02
5.890034123695250118e-02
-6.007515091052464257e-02
4.006475461879932531e-02
-1.658040439540758512e-02
2.145433412634454359e-03
3.854935181278833223e-02
6.292315261174125096e-02
-5.201435861137067990e-02
-4.731376859860143141e-02
-1.417746156700153415e-01
-1.113991188274990191e-01
1.088684609971773271e-01
-1.522477311223557062e-01
4.010843842446316226e-02
-9.181815323454657618e-02
-7.600219452849348370e-03
-2.167910078152704770e-02
8.088518953152167013e-02
1.135264910703832064e-01
-1.043585696144293425e-02
1.771502581803800118e-03
-5.755731417569775327e-02
3.169053712009034431e-03
-1.588544375154677946e-01
-7.119011488012069733e-02
-1.347402469088529176e-01
-7.472832493207767768e-02
-2.300396443627483051e-02
3.612025452702079253e-02
8.322435713982957728e-02
2.045312246843271689e-02
-8.745486159995090325e-02
2.278171042332361174e-01
-2.487011184839529876e-02
-1.545625439301993864e-01
-1.447173165243182402e-01
4.154477619172425307e-02
1.629055777045824716e-01
7.566983811409452865e-02
1.223572980153624923e-01
1.445353963996224844e-01
-6.829992512442507879e-02
-6.546481882455457146e-02
-2.645119169344664276e-02
-1.294627756257540618e-01
-5.576510052632809022e-02
2.952216435792349644e-02
-1.408014377796728001e-01
9.771262682707756997e-02
-3.479942488872151546e-02
1.726799324365739172e-02
1.384148589733345536e-01
2.106633136620325586e-01
-1.204180694293931903e-01
-1.895686948316244735e-01
-1.418415162215751757e-01
6.659214504004601180e-03
-8.399812686729167532e-02
4.282495408845794077e-02
1.665024773179544226e-01
1.428759586844962834e-02
-1.227675108677259014e-01
-8.235052888335700483e-02
-3.703995977888676575e-03
-1.484330470796461077e-01
1.978876763280298934e-02
1.033842175668765739e-01
1.246855890603491314e-02
-1.423934592797374832e-01
4.132944141518200831e-02
-5.143436885871396913e-02
-1.663553589306375827e-02
5.390208531030266266e-03
3.138197484560342060e-02
1.682340561901706985e-02
-1.368858203711876831e-01
-1.177668320301562405e-01
2.829528876258831024e-02
1.523617163321219770e-01
-1.412942197205466210e-01
1.437500754673623204e-01
-5.358245820920074648e-02
5.297942056930659421e-02
3.671038376690660687e-02
-7.751776997326288721e-02
-1.073848520915248461e-01
1.091780164504026762e-01
6.761967563768581102e-02
-1.803749315978092904e-01
5.191859934222013001e-02
3.084491651986587257e-02
9.854659536178710100e-02
-1.338708371662285235e-03
4.943554084520932618e-02
-3.966033716536573189e-02
1.672759524684039600e-01
-8.751670321433456523e-02
-7.354583972139637493e-02
1.455315052523910302e-01
7.923005415445404098e-02
-1.088765987119334235e-02
8.427456775016876900e-02
-7.413730607323563981e-02
-2.260918083487403474e-01
-5.218080215259885551e-02
5.762117587051357459e-02
-1.159349121657244769e-01
-1.433619006732877177e-01
-9.047300869773641785e-02
3.627657214200558783e-02
9.419670980766321755e-02
3.612405632245598019e-02
-9.756385057146008122e-02
3.149752837802258145e-03
-1.363726437089227313e-02
5.806333004206775533e-02
5.677881268798978809e-03
1.921055626419413687e-01
-7.685977510662017620e-02
-1.045087296464974197e-02
1.768630967228634193e-02
-5.433718415893890041e-02
6.993246370901122499e-02
8.172481928408148466e-02
9.489417569763543281e-02
1.546231409106491039e-01
-7.471969612870749122e-02
-7.865577423976487237e-02
-7.709517990280985618e-03
6.601295562016359919e-02
2.061163479815140628e-02
1.206374776218993444e-01
-6.619778742974431751e-02
4.053201541619015462e-03
1.544685947020778445e-02
9.230175944158990065e-02
-7.673508366797358871e-02
-1.618805489931266772e-01
6.793666470793073564e-02
-3.082893853034207945e-02
-6.893768688475238396e-03
-1.674317494629822545e-01
8.863676987794577578e-02
-2.294961094911847702e-02
-1.170564281947472779e-01
-4.652069389454299014e-02
-9.620281357797499933e-02
-6.837925519816850928e-02
1.573475906388168699e-01
-9.535648497314502814e-03
3.431409832207989175e-02
-8.770435471239845793e-02
-1.917224694377496833e-03
-1.453510998947809829e-01
4.548998755927642808e-03
-7.406882851156880443e-02
1.427584384013073915e-02
-6.427343241202014557e-02
-6.918869186729318006e-03
-8.934417516891431099e-02
-1.909151738594337400e-01
2.923098937688727375e-02
-1.717941304022598259e-01
-9.766790476307435354e-03
-8.874407538851014632e-02
4.549854061837321079e-02
-6.372897824184171889e-02
-2.114133144962470900e-01
1.387495998673053121e-01
5.365658759290473784e-02
1.563704316481409340e-01
-5.901374424315399686e-02
1.129049581404247965e-01
5.598626101260519711e-02
3.111752070284716162e-02
-1.936232749215078819e-01
4.621888715658292041e-02
7.991051925260346522e-02
-4.841936563796516574e-02
-3.520855778387611823e-02
-3.689149514656338280e-02
-2.644373814568435829e-02
-4.300886737481284666e-02
7.824295820313620364e-02
1.452262836410614100e-01
-9.555980812123666956e-02
-1.146363645375586410e-01
7.091250895400844079e-02
1.443663785782472704e-03
-8.369650283232499266e-02
-1.742987521480637847e-01
7.848243912873635597e-02
-7.238441867103859173e-02
-2.104730864517317945e-01
-2.094271460503759064e-02
3.821428954742979445e-02
-8.109498266581698089e-02
2.013028510175369490e-01
1.081627144873742175e-01
6.631101527153245023e-02
1.088174563147421142e-01
-1.609618648081869996e-01
1.239827317756726499e-01
6.792956148183266173e-03
3.176861610351059545e-02
-1.155186586215045941e-01
-4.850044728320360848e-02
-1.074070564140249956e-01
-6.453361448379972554e-02
-1.260225816050619396e-01
2.031731734999470129e-02
-1.172390046149346110e-01
-7.381669429310259989e-02
5.057386923207068952e-02
-4.003415613127626199e-02
-9.052669773870723746e-03
-4.863985486545765319e-02
-1.176730860425223568e-01
-5.096218152260394846e-02
5.996186056072987797e-02
3.157945392103695542e-02
-7.497302499398605935e-02
4.899526477769688797e-03
-2.278468932105903386e-02
7.965115149254260729e-02
-3.806696758080625048e-02
-2.892269622767343687e-02
2.003295016275594975e-01
-1.950371307902181925e-02
2.849245171377674454e-02
8.251925730479565957e-02
-1.147316336508365092e-01
-7.330750668801837289e-02
1.444962281909774326e-02
-1.579557892016472329e-02
-1.544067826376779862e-02
3.985928667902691874e-02
-1.249225557373800574e-02
1.260815597094816498e-01
6.693967581880203022e-02
-8.687123267236680768e-02
1.843362673579746758e-01
-1.986839480855056086e-02
-5.863241582287266607e-02
1.392015827557328278e-01
-9.119754725439269127e-02
-1.179991321886788708e-01
-2.766519801938796541e-02
1.376628136599241381e-01
-4.614955289912585357e-02
-5.648863612150457902e-02
8.101351421439059730e-02
1.954436613058024574e-01
1.095251321916684319e-02
-5.614432920969741891e-02
-1.037502581780767597e-01
-5.203235931708529577e-02
8.417621959502952222e-02
-7.185828331120844292e-02
1.344225671061954619e-01
7.855618084124507683e-02
1.526739052302087118e-01
5.419865800777821235e-02
7.410902495545255986e-02
1.594476821703789682e-01
2.255080812027335790e-01
-1.796774184713558972e-02
1.167354353057920568e-01
8.208686541517174829e-04
2.001684838624625748e-02
-4.359077209408061815e-02
5.326101265978522292e-02
-1.266440966256855427e-01
5.597828798811604195e-02
9.406598657598654045e-02
8.990891406180730530e-03
-1.471151078642073673e-01
-6.612993237468109409e-02
1.861841661547061766e-02
1.997804854890036785e-02
-9.769329968641747575e-02
2.307809418317368234e-03
-2.508848034501202288e-04
1.283283272913759154e-01
5.404776016376582060e-02
2.045808295182019801e-02
1.356795108455974563e-01
-5.470702418856807081e-02
-4.544457181923473171e-02
3.923260220234175283e-02
-1.178521914617954303e-01
-3.437284828676933583e-03
-3.579788642496104650e-02
-2.016768356743093016e-01
-9.637580500260223282e-02
-5.603064438778448259e-02
