-2.732238104293019387e-02
3.918454422930778974e-02
-6.287173017549993470e-02
-4.041318984121359398e-02
5.866751865046822279e-03
-4.640100437765887209e-02
-8.672059972036880171e-02
-1.280820803445983404e-02
3.716435396512359629e-02
7.037536068551784874e-02
-1.070731347256315691e-01
1.670415425163655765e-01
2.559620341145290440e-02
-1.113482788303549464e-01
-2.274150148511378811e-01
-3.232888927400521563e-03
-7.608496590417487652e-03
-2.869300946952687767e-02
-7.423550238013618130e-02
3.828195784255997158e-02
1.519708910016260260e-02
1.216786411930143377e-02
1.230112651336360968e-01
-9.226652678985564071e-02
3.858367158751212223e-02
4.477922978538004598e-03
-4.188719211465274928e-02
1.686038016643345155e-02
-8.826401361593790018e-02
1.713180265225821772e-02
-6.973228666193519339e-03
-7.817577906135972712e-03
-4.539475267935029479e-02
-4.789295700225273955e-02
1.298481864772204064e-01
3.132277115747084117e-02
5.739963389586584530e-02
-1.139411401973174504e-01
1.349184432626800711e-01
-8.566584445510803947e-02
4.178788988990626493e-03
-3.662015960300533945e-02
1.062721633823340422e-01
1.801241494733238011e-02
2.042416303937829788e-03
-1.375599524877253732e-01
-5.866680400561741227e-02
1.111128143012162506e-01
5.638063995615807261e-02
-7.883387160678118760e-03
-6.350461939493870500e-02
-5.030166154227648512e-02
-1.125062382467321292e-01
-7.719352963485758001e-02
7.149193690929131484e-02
4.886178215930365304e-02
6.268434208725615076e-02
6.337466944725050899e-02
5.833551432027712404e-03
1.562048064296360506e-02
1.315286724665334916e-02
2.508378435798691228e-02
4.139820402926634724e-02
7.671270358547267743e-02
9.745258398115065612e-02
-1.458138255938632166e-01
-2.305781469972861125e-02
9.285363338180438464e-02
6.587883876770321383e-03
6.344664450839807013e-02
-2.436805923378429148e-02
5.087981419205263312e-02
1.270275492024924326e-02
1.607601578988485935e-01
1.876612064563935867e-01
-1.927087717058633548e-02
8.224500729266112642e-02
-2.558147621434628260e-02
-2.606204195341711369e-02
-7.406687683991525217e-02
-2.116942926947560852e-02
-1.925646104255519103e-02
-7.554420213813020646e-02
-7.735776628323380588e-02
-2.681500990857881017e-02
5.008770432560127189e-02
-1.765397945543519809e-01
1.271420794278451116e-01
3.095417686260397427e-02
-3.273888750074407245e-02
4.078671359187498180e-02
1.044739614887742717e-02
-5.953610643401116564e-02
1.316741454257544519e-01
9.236221373066259496e-03
-3.161557101341999632e-02
8.476158049867468791e-03
-5.850700291196796882e-02
-1.043930165997555143e-02
4.505057788577113836e-02
3.104779174812965364e-02
-1.226761249054591704e-02
-2.731247278450971150e-02
-1.744561639027568042e-02
3.284119168311961517e-02
3.400846637415983614e-02
4.623250787479694923e-02
6.376019530044467476e-02
3.287565608462612865e-02
3.360722638473156998e-02
4.722089895885681760e-02
-4.998732016654996915e-04
-4.526714907298790697e-02
2.551417630879252926e-02
8.269326527392827086e-02
3.986192601081769982e-02
-9.685886609444196993e-02
9.912005382720653901e-02
5.246293283795040729e-02
-1.137947382394747659e-01
6.622905400196091655e-03
8.477906927347311772e-02
-4.599645227517332874e-02
-3.110886966963073014e-02
1.051577981216214458e-01
5.812041331275113326e-02
-1.196515474348009422e-01
4.561029684174377347e-02
-9.100975509629646854e-02
1.768069022949315342e-03
-1.479830651400303350e-02
4.786231933330236527e-02
-1.499454347345151664e-02
1.139220286081764205e-01
-3.865063231732571852e-02
-5.690024162250528761e-02
3.555503512066309629e-02
1.164609966526304607e-01
2.068809576245922988e-01
5.774823383349205787e-03
-1.377285056214168704e-02
3.386175735257637015e-02
1.128602777232236426e-01
-1.097166917445012990e-01
7.874854206673066737e-02
-3.702125109595447161e-02
-5.888596861075870610e-03
9.886729992175255499e-02
1.529585917228139073e-02
-1.470455676122798816e-01
-8.097758548028577419e-02
1.016755127033331929e-01
-1.070255395017604555e-01
6.960235989464910733e-02
7.305207169824952038e-03
5.538068177970013883e-02
4.432365756422160241e-02
1.020587687458638371e-01
-3.379098115549930559e-02
6.396592598168875099e-02
1.735137452102923639e-01
5.198525937954923126e-02
-2.177851120335315416e-02
-5.512900633997039335e-02
3.963035320903476183e-02
1.661810039491129209e-01
8.670099224339507596e-03
-4.713527823240888648e-02
-4.734213460423410125e-02
1.364866845159309547e-02
1.475835304756391853e-01
2.196159970995623101e-01
1.245792610537920508e-01
-1.053857382631151335e-01
3.431525017091247715e-02
-9.038876232394356738e-03
-4.029197990405585655e-02
-7.351053233296388212e-02
8.627682413582887788e-02
-5.076438933810674403e-02
-4.338156017849974233e-02
-1.085360432567067657e-01
7.201327019008478547e-02
1.390356226613669900e-02
-1.131379016776135754e-02
1.294024683166676293e-01
-1.563985478087385750e-01
-7.581616640645819083e-02
-1.404564497723992736e-02
-6.353229213074937376e-02
-6.205920943213012048e-02
-2.332756642862055668e-02
-1.111825505987737023e-01
1.579281103936374872e-02
8.311110411601596581e-02
-5.216298565591036968e-03
4.161477113274825862e-02
1.410235836312310771e-03
4.245377968273993108e-02
-9.600916546439862420e-02
-9.712171337157532447e-02
-2.332654816517328727e-02
-1.116887454085551123e-01
1.347682953822802177e-01
-2.023974083345897457e-02
7.771956832375208346e-02
-1.616257691580311531e-02
-8.180487689424502384e-02
1.518129559110476499e-02
2.979585702641320000e-02
5.940731284670505014e-02
2.232276387433458631e-02
-6.609271543227317192e-02
-3.538179041016035337e-02
6.260153615775400360e-02
5.791183881174424147e-02
7.426822298778745779e-02
-4.462601162047939371e-03
-8.915089629336241106e-02
-3.958419266278723897e-02
4.380600435762055378e-02
-5.023913728214177837e-02
-6.172662294842407027e-02
-5.407358914446110110e-03
7.296680225538740294e-02
4.317670855847928132e-03
5.203304741108813469e-02
-6.906729385284748890e-02
-5.273645947545078233e-02
2.052373163160596883e-02
8.131957257623727287e-02
2.571779508808095388e-02
5.839891647605297692e-02
-1.487109117984925233e-01
9.950170277993507228e-02
-3.724629130397275056e-02
-7.733785518106502110e-02
-6.521112407871083871e-02
-1.930904617114289068e-01
7.614511568805991046e-03
-4.272264215198719184e-02
8.097512507678494148e-03
-2.000950602390185601e-02
-2.884809443621841329e-02
8.273210571280920078e-02
7.562098379139084448e-02
-1.897671294569068245e-01
1.421328622833786526e-01
3.500924290703207736e-02
2.742456155278950522e-02
8.057667619186088814e-02
-4.431499394183161661e-02
-2.161098125998315439e-02
8.662010626824505344e-02
-6.411958797745999361e-02
7.602787077625333678e-02
6.639382745277255804e-02
8.236952273001778291e-02
6.530803925204761717e-02
4.743246530424177765e-02
-8.872378273687243910e-02
7.935607519683397781e-02
3.683172822571961075e-02
5.251119835544815033e-03
1.764398955794516388e-01
4.491897086071652834e-02
-6.998361786764186604e-03
-1.797509185580758728e-01
1.131250287503101498e-01
-5.595578158469889651e-02
-7.412297010558889510e-02
-7.091293977802427817e-02
1.802764751010053901e-02
-2.732509780136180289e-02
-2.531234371714134734e-02
6.649899425812039189e-02
-1.619795529088948610e-02
7.659532651317164410e-03
-1.044713396023263102e-01
-1.047845001166860905e-02
1.604663696662993189e-02
1.310722592973968537e-01
1.502114667089998225e-02
-1.325561324556144005e-01
1.002537664635623493e-02
9.730263522981522084e-03
1.021963564986000939e-01
-3.709931205143242317e-02
1.221090101862050588e-02
7.094286956455078674e-02
2.967446621120662861e-02
4.295028188358030602e-02
3.124628563730014880e-03
-3.138180590338081766e-03
-5.839708902271056878e-02
4.200762257463849098e-02
5.990606173123647071e-02
9.979209568182474677e-02
-3.846446329266624276e-02
6.231946454076454922e-02
6.274453702931929826e-03
7.290339566079335164e-04
1.476754230499023601e-02
-4.218806870340469778e-02
8.822025787662151480e-03
-9.677334435340308183e-02
-1.215918874575367264e-01
-8.188012269297498952e-03
8.928686732591700976e-04
-8.570980344949401253e-02
5.456635132055247944e-02
-1.432133160211186348e-02
9.511340150618498301e-02
-1.711927697770067869e-01
4.081356915642865568e-02
5.653071000053331435e-02
7.220901678546740032e-02
6.251768285761265254e-02
1.353988195646791404e-01
-6.661750954262549151e-02
2.364761440228335329e-02
5.637822194236269402e-02
-7.972808506298320608e-02
-7.388965615070941517e-02
1.680650567371899107e-01
-1.069655647099787554e-01
-1.180706954263151531e-01
2.754437763346360979e-02
-1.323311605211009712e-01
1.166823438782071780e-02
1.026681354957807435e-01
8.829901283145230595e-02
-6.119060111827832882e-02
-1.158871712455927933e-01
6.227789745964281559e-02
1.024578433045431891e-01
-1.154501671075727487e-01
-2.092264304736837083e-02
8.948099442154626437e-03
-3.046078183095291339e-02
1.970177552821159722e-02
8.904997350893986696e-02
-9.845362569127118213e-02
3.888241314213303993e-03
1.476376573945332726e-01
-5.558265254254394355e-02
1.233737609218962762e-03
-8.614723093215859162e-02
-2.541817582477916976e-02
5.994516752711359642e-02
2.285383877105786124e-02
-7.190318310945801672e-04
4.738617918983642485e-02
-7.725842290488875441e-02
-9.729257319731718368e-02
1.036242064044691664e-02
-6.252017530384847144e-02
1.397771064757362958e-01
1.244987939440045654e-01
6.882409321736346342e-02
-1.268364697717021539e-01
9.010269451380651176e-03
-3.396031909650604197e-02
1.483895889847992693e-02
-4.867114224268471599e-04
-3.986961122750794922e-02
-7.731707720564649777e-02
-2.983295425682121541e-02
1.969724751672710314e-02
1.853992563724065137e-02
-9.205579430587941536e-02
2.988763199012450800e-02
6.443700383573700008e-02
-5.008538490739656429e-02
1.313488668802542322e-02
-4.830764083349013693e-02
-1.717591602148194896e-01
-3.006771386751430457e-03
8.921740674731484799e-02
6.787058903649545449e-02
9.954512364500882338e-02
1.175779227187037229e-01
1.489506642077915999e-02
5.513909991754396833e-02
7.422650703036530462e-02
-4.359318769402221322e-02
-2.249246735481852388e-02
3.300918471191155446e-02
-1.060627554333965217e-01
2.901152350436863106e-02
5.443557820501154776e-02
-6.878160201959411524e-02
1.770423443171584010e-01
7.987862803448640692e-02
1.215972935721520119e-02
-1.384153029544538116e-02
7.790564376127850910e-02
7.944372324001622299e-02
1.875260181255248779e-02
-1.105528279319128310e-01
3.725344026135876674e-02
-5.750600909860256044e-02
-1.321380605098228418e-02
6.757478960095214537e-02
-4.481840196726433710e-03
9.104978204224256980e-03
-4.927262780732769021e-02
-9.234293637979062996e-02
-4.917621160099212851e-02
2.575544010384627630e-02
9.174433591590930304e-02
-1.471369118847202506e-01
8.822966354165807587e-03
4.229500486045233848e-02
5.720988777488253234e-03
-2.537186429726256270e-02
-1.967831457849371704e-02
-2.130559079287560470e-02
-2.305244436066747685e-02
-1.154676173320572791e-01
-7.512402637397092194e-03
6.561878161302125978e-02
1.344194778142475399e-01
-4.514292792223189438e-02
9.015216879555888740e-02
9.237771056887303378e-02
-1.331045891453645769e-01
-1.480817617503771833e-01
4.208176803194108723e-02
4.549760847409831804e-02
2.418350868642460752e-02
-1.853596729037031432e-01
1.993120183164895920e-01
2.741770027870527038e-02
-6.007747798101917974e-02
-2.274763659244022351e-02
-1.369825964045676137e-01
5.173244325803396521e-02
1.365701918187834929e-01
1.352902530161435336e-02
9.041684626372087363e-03
3.232903701144398696e-03
-3.822722443260471309e-02
7.432200209154449233e-02
-1.709913475017048323e-01
5.163867226989134890e-02
8.113410698682593791e-02
-1.379925628678075056e-01
7.499852662421893808e-03
-5.922135720590494118e-02
-1.384810681974750213e-01
8.544096924964071638e-02
1.793750156171274729e-02
4.699925442325485897e-03
7.674649089782922817e-02
1.765596326950790440e-01
5.084179130836481708e-03
7.427760033883278046e-02
-9.611080000509075738e-02
4.046322665781389855e-02
1.170265261217436625e-01
5.323852571905090397e-02
3.640601679929169471e-02
4.448418737692067665e-02
1.799947695511158047e-02
-4.614233736616214776e-02
-5.097349274665149976e-02
-7.418940226508731473e-02
-2.021658682029403575e-02
-6.961512461425098386e-02
7.398442532215475376e-02
3.359459529348071682e-02
-3.643019234286355018e-03
-1.238509078359081861e-01
5.526057618755143147e-02
-7.018975324220537437e-02
-5.747502071294224163e-02
-1.671275864413137857e-01
-1.135435150390987635e-01
7.943149040205441103e-02
-7.291069422486706753e-02
-4.235759515348614529e-02
4.687425789789359531e-02
-1.481013468970025504e-01
-2.108204050519922254e-02
-1.408378926800361516e-02
-5.166793011269904534e-02
-8.091105769416458149e-02
-8.265216425775537279e-02
-3.404668056216272887e-02
5.513256009227905999e-03
-1.007500683761038407e-01
2.225202918142336547e-02
-2.333502718390743913e-02
-6.705092267713061742e-04
-4.497875787359908312e-02
-6.164919381850147984e-02
4.568933837705971279e-02
1.803086913834449703e-02
