2.197282453540595412e-02
-7.847616005643801018e-02
-4.867185500981011104e-02
3.323398017334352333e-02
-6.782190979731099467e-02
-7.372515322803795124e-02
-4.369027188118587007e-02
-2.189206686282600123e-01
-4.127919732204285430e-02
1.226365472856632416e-01
-1.163032964368824682e-02
-3.251666195360278927e-02
-4.515227733834511342e-02
2.240302970510344403e-03
-5.823712518793363289e-03
-1.163664565147076863e-01
5.320765736494709706e-03
-8.473221643431108271e-03
2.107564475219941488e-02
3.516248167820832521e-02
1.230661393248624370e-02
-2.742000080802893536e-02
4.131210129317837432e-03
1.062831129376064498e-01
-4.674068814975645275e-02
-2.278763309727877273e-01
1.093076936677195160e-01
-8.838607417487841234e-02
-8.229967785948612280e-02
5.297362720043270051e-02
-3.639403542737590369e-02
1.040531123938080449e-01
-2.101307998569538690e-02
-5.583864828206042824e-02
6.336686202254286637e-02
-1.697729913538207139e-02
-2.177563047688630890e-02
-7.515255758694378008e-02
-7.944226597731080322e-03
5.423376948030671219e-02
-2.335204925037069265e-02
-3.958500531467749363e-03
-4.141536942147201750e-02
-1.828539883792110882e-02
8.068668796386534170e-02
-1.038630395235836919e-03
1.645956963535955830e-01
3.623020556251898422e-02
1.089314476160012507e-01
4.730113342279405192e-02
-9.469073972065729719e-03
-6.258839074509438272e-02
1.525348640606714046e-01
8.389452221682944244e-02
-2.195570302787774875e-02
-1.949016650254692742e-02
-2.717097243326490122e-02
-4.663928471860129960e-02
1.272576645390536831e-01
-2.175185654547860670e-01
-4.581254023044911000e-02
7.168186395186333659e-02
1.953864465863948754e-02
3.221310770927128791e-03
-1.171270777775751809e-01
-3.521623729936930458e-02
5.164006614786709193e-02
2.904829492299705260e-02
5.545170559878095928e-02
2.332651770271146688e-02
-7.400015988244457166e-02
-1.343913276325274242e-01
1.658725760755444534e-02
7.306806041480806702e-02
-1.274566636892364435e-01
-7.459866668561726706e-03
-1.114479560232732175e-01
1.041798700704840153e-01
9.156570285768357575e-02
-2.173726757708193541e-02
-1.131303583699524162e-01
-1.202094248650014408e-01
9.807679874166809475e-02
5.644631189388917697e-02
2.309369878522379849e-02
4.342469117488370611e-02
4.848033829780960119e-02
-8.636190307060465088e-02
2.619065815551062729e-02
6.964192895649565229e-02
-7.107833277439098985e-02
-4.443652140782265725e-02
-1.748863404171218938e-01
-2.118108136888773377e-02
-7.703960549193758500e-02
-2.488002894921784863e-02
3.833432431522661860e-02
8.745304899251561681e-02
4.348872953347547587e-02
-4.387299680267577745e-02
-1.349784406939068260e-02
1.488618681065197701e-02
8.946429749263093423e-02
9.334565870316476055e-02
1.271800236034726639e-01
-4.850358516630676187e-02
6.054982060912086211e-02
-2.480239565425291365e-02
-5.155311456777340873e-02
-6.357600737187643104e-03
-6.027149960524195993e-02
-3.992475036512379422e-02
4.090864620748912300e-02
1.321363933084531150e-01
-2.309533799284377298e-02
1.489930496527842874e-01
-4.744639859783027908e-02
9.911549876851468571e-03
-7.503984111919509425e-02
6.124373384445647855e-02
1.147333922464225803e-01
-5.443307128433132885e-02
5.427401653574521340e-02
-3.897261593247339923e-02
-2.941767658479067446e-02
7.062051030201166313e-02
3.528055749359110954e-02
-1.592565418278940950e-02
3.239211113443999507e-03
2.827283245239085516e-02
4.944949273699557335e-02
4.375998704734721618e-05
-8.124457939333468506e-03
-1.233520151226871926e-02
1.122172038360630536e-01
-1.244380192979851335e-01
8.144878388751887466e-02
-5.397988097900394827e-02
4.508146717134144110e-02
7.948684192387350106e-03
7.917303654946840352e-03
2.649040870782854232e-02
5.723235947372705412e-02
1.150697225076345413e-02
-8.630045907245044445e-02
-2.247968033846834551e-02
-4.769987018745262819e-02
-6.076123640370409418e-02
1.634374167047188686e-01
1.485881442976772632e-02
2.718776266860776711e-02
-8.015462926352261153e-02
-7.627337122983286755e-02
5.718732130465229574e-02
-8.199623374624383232e-02
5.003980220995801059e-02
4.971860997397332949e-02
1.298337655319123096e-01
6.518393347657695791e-02
3.107569683145165393e-02
-1.199031637036815194e-02
8.089600863410945086e-02
-1.052899690216672623e-01
3.656100037703099298e-02
6.047966336956133587e-02
7.696381389044154933e-03
-1.421877490590298457e-02
-9.023645021188846094e-02
-1.234678080338622030e-02
-3.908657319765598825e-02
7.524560038517975891e-02
-1.193099851348280865e-01
1.191288456261339057e-01
1.190112670505881313e-02
-8.005236270745054450e-02
3.249840657345769157e-02
2.082681686195442805e-01
2.557919049094006456e-02
-4.821364427165846650e-02
-5.676793972778947789e-02
-2.407786416327207038e-02
-1.294680198331553123e-01
-6.188921943862116942e-02
-9.830692236433195841e-02
2.633356930226994630e-02
8.633350653102822569e-02
8.090186992014075998e-03
1.736169803068140366e-02
-1.057177980498303499e-02
-6.632581154103052434e-02
2.607969909631128146e-03
5.809968036098425020e-03
1.654658464967217191e-01
-4.359097748682349421e-02
3.018115763355793887e-02
6.052217204597887951e-02
-7.232695430914154455e-02
1.099965966174839271e-01
-5.503130833248038450e-02
1.843739252150976560e-01
-9.058059525488007524e-03
1.002600394335094632e-02
-5.159075176445610672e-02
4.023831801497926991e-02
5.624432806497792897e-02
7.651474284323937780e-02
-4.931751789758852950e-02
-4.128597249865662011e-02
6.406488526426545871e-02
-1.568587298255446072e-01
5.948310778369333973e-02
-9.274748754833964104e-02
5.548769255924475979e-02
-5.673905090741424712e-02
9.247757015931511865e-03
-4.450263972942097856e-02
1.202574366037327397e-01
-5.958809145260640650e-02
1.307688736783325055e-02
-6.261608140847402248e-02
-9.493946833954473863e-02
3.771540805243343147e-02
-6.835317297809669068e-02
-6.915952510490636085e-02
-9.883798634147557272e-02
1.298161536943044925e-01
-5.083757052912518670e-02
-6.505754842419907147e-02
-7.002408046688770259e-05
6.794722520373534802e-02
-1.562892024876256364e-02
1.031963848580105293e-02
-8.534173343163745096e-02
-7.181718846138725187e-02
-3.065668799655448321e-02
-2.413399112902010063e-02
2.512956294613828689e-02
-1.357654632315966337e-01
-6.476521110662930569e-02
-8.414179578389838210e-02
-8.127023575398088784e-02
-1.799603264215527965e-01
9.877266646964022456e-02
-3.798433725135128697e-02
9.059401616572107735e-04
-9.912955014216519312e-02
-1.219169343814484052e-01
1.317783076685835886e-01
-2.450162869761400575e-02
-6.165483454482637016e-02
3.941332111702413460e-02
8.567760353570978704e-03
-4.792815094280398341e-02
-4.171264240903516801e-02
2.128523175414407873e-02
-3.764949120790050952e-02
-2.131585001413472194e-02
1.079535613251273174e-01
4.587043089673902008e-02
-8.328165514763725963e-02
1.240545239025324029e-02
-4.999617557650282845e-02
5.512549565866456391e-03
-3.852537601401621187e-02
-6.544534662259157698e-02
6.553893967075603497e-03
1.858496465648524706e-02
-7.222864182736148109e-02
5.896715717799683870e-02
1.059303120849199170e-01
4.921518898833657403e-03
-1.048964643192978746e-01
-7.978374704955870644e-02
-4.119046600134499553e-02
4.792901660377672790e-02
5.871816977610694321e-02
1.807306948140372915e-03
-4.007759806995157131e-02
-9.673769188087781579e-02
1.388668604016295716e-01
-2.259490894070481648e-02
-5.739997266676680893e-02
-5.863869590672881466e-02
-8.065686796304732953e-03
1.965079861638970027e-02
1.009856988835689494e-02
-5.419474209854521773e-02
-8.249023329800213300e-02
3.154045280587884637e-02
9.641203856902845482e-02
2.567380042951530189e-02
1.563333915189345225e-01
-5.571390022642765810e-02
-5.741161982504090766e-02
9.691062504290308410e-02
5.678152818282443393e-02
-6.026738986891735234e-02
-5.206120036139391671e-02
-8.211268911057166553e-02
-8.170990958314401642e-02
6.470772264357491088e-02
2.484545625351804524e-03
3.889805933201157494e-03
1.530422625159827132e-01
4.871530844330751453e-02
-5.299106712410937836e-02
5.484926566647671531e-02
5.516206057827475334e-02
6.216609353891293550e-03
4.305986158526590307e-02
-3.611379779682071661e-02
-7.006373074440300219e-02
-1.071723802325806191e-01
-7.138150722134829762e-02
-1.086680049973430262e-01
-6.431945593309823517e-02
-1.613284744619547170e-02
-1.420784670529096350e-01
-3.230347397655745911e-02
1.094532699996518359e-02
2.144733401630424807e-02
3.229325675954382302e-02
7.718623051016559877e-02
7.046026524850469708e-02
-5.921986220049991340e-02
6.261162959793098448e-02
3.840523602677900494e-02
1.906917763884376227e-02
-1.533011201868896278e-01
-4.927716177141478610e-02
-9.130573031010988383e-03
-2.020799003623986040e-02
-4.052253409575454907e-02
2.102470559029784997e-02
5.892886230150157223e-02
-1.438818216092802027e-02
1.834868575936036972e-02
-8.862805754224258037e-02
-1.673494828644335464e-02
2.702438550920997426e-02
-1.946835804991717961e-02
1.417181477074981773e-02
-2.475728639837498565e-02
-5.723487889560402442e-02
-5.214987320575055485e-02
3.586136090630131362e-02
-5.528289661950576417e-02
2.590393438070090829e-02
2.480230801676213889e-02
5.452481259570361033e-02
2.126636450867514308e-02
9.351494914313644713e-02
-5.919896640263624249e-02
2.096559151462210405e-02
3.420341391948759219e-02
-9.439308975172487626e-02
-7.825348072721907688e-02
-3.062712646300393832e-02
5.967942451779448959e-02
7.569223647126908927e-02
6.782069807920132476e-02
2.300710849461994750e-02
3.446042910229723394e-02
8.117436911312832237e-02
-1.362366064533504333e-02
-8.549960562449224200e-02
-4.638347356118698028e-02
-4.524178482394036055e-02
3.299425089120337339e-03
4.558405078012649908e-02
-2.822762195992703158e-02
-1.515875566085480297e-01
9.261177603996180105e-03
-4.606346712570803109e-02
1.549652281906138337e-02
-3.380822274016340168e-02
1.053604842752562387e-01
-2.128676758976729214e-02
2.525499552441359472e-02
-1.190521487449419658e-02
-3.594492810615413508e-02
-6.318628239291762538e-02
1.017506548441702713e-01
4.290962248516835137e-02
8.704226853433093269e-02
-8.469799950231847452e-02
1.124892817325576916e-02
-3.316998054285975883e-02
1.561554203956832913e-02
5.492506770737024847e-03
1.220870344064386021e-01
-1.154825614615829776e-01
-4.916373321140948133e-02
-4.329554693578854807e-02
-8.275146589472390235e-02
-1.828756170729113270e-02
1.473077648142524787e-01
2.530973668087434583e-02
-6.101973512704466501e-02
2.684250023915041999e-02
-1.622755330158089371e-01
-1.362143572861899410e-01
-9.476958955046372451e-03
1.199211439286103353e-01
4.142234574741469541e-03
-1.245048972829293152e-02
6.337954889511383805e-02
-2.027575322904212954e-02
-4.751647067125881058e-02
-5.841401064490871382e-03
-2.135801509167324086e-01
3.466518506927167287e-02
-4.562428504468810792e-02
-1.353376443947457708e-01
3.390051750842449502e-02
3.196665150040347431e-02
2.374562606750190707e-01
5.162816764560058252e-02
-2.945649403424701121e-02
-3.231493222780738167e-02
1.108640550482253243e-03
1.280274397016793742e-02
-1.131749907867672517e-01
-3.591119176086484625e-03
1.303695211993395886e-01
6.506094316409406775e-02
-7.259352162490099450e-04
-1.618914655335055089e-02
-8.435547048609702558e-02
-4.734341294277580325e-02
-2.777286930793184533e-02
-5.921356149380144901e-02
-5.368566195712578398e-02
3.562847067777720478e-02
-7.079738771053247642e-03
9.851914997316389699e-02
-1.406025769861917185e-01
1.332904666007646288e-01
-3.716816262070329890e-02
-8.455380886866541157e-02
2.144987522549591380e-03
5.422203466707989361e-02
-5.128181176513041395e-02
-4.196090136169818713e-02
9.617104941687762074e-03
9.318781469383080607e-02
3.277538346755172471e-02
3.786600670745683683e-02
-7.522440230841659359e-02
4.285585226052241771e-03
1.110387401046765699e-01
1.285143715979351377e-02
-4.773235431044135085e-02
-6.441762631839481612e-02
1.760170850201174531e-01
1.022132803156149544e-01
6.677894423910675503e-02
4.797561798579892678e-02
1.268960537289614277e-01
-5.280857690206695876e-02
9.757129101762750112e-02
-8.865856274254149683e-02
4.463918585460142051e-03
8.734497842502285392e-02
4.860788843188876968e-02
1.564587934722977761e-02
-2.834950190847567927e-02
1.084499731792453597e-02
1.843558353876988826e-02
-1.676684533468481841e-01
2.834024499800159164e-02
-9.510000801010247418e-02
-1.466834891696713605e-01
2.147624596293304725e-02
-6.410575933206001664e-02
-1.125141048487470485e-01
7.304056197528484848e-04
7.625686134301076780e-02
2.898350099832298216e-02
-5.085144022708496664e-02
1.114048123749416218e-02
-1.365969022473023653e-01
-3.613237615253896834e-02
3.667508340917731424e-02
6.903700478700937337e-02
3.500066820868553974e-02
-3.394842258551977049e-02
-3.519299663583061368e-03
1.250839347050018424e-01
5.396446633521615605e-02
-1.677117445374740404e-02
4.268960970283291328e-02
1.801482359693960117e-02
9.065180144449633270e-02
-9.879093118072312940e-02
-7.155300771955622197e-02
