-2.405726354601195327e-02
4.846477752820905344e-02
7.111273744212341652e-02
-4.240489176329440002e-02
-6.107914748645958819e-02
-2.002678629261581827e-02
1.234674319652387386e-01
-3.527923842184406411e-02
4.673914170997300194e-02
8.953341687553462158e-02
-1.627353612001059269e-01
-1.117817562790004472e-02
2.546320698105623836e-02
-1.196011269269543591e-02
3.642589594528727881e-02
-6.059489740496098314e-02
-4.042329035720823582e-02
-1.490335487290893601e-01
-9.201599554526490587e-02
-8.416716561588619139e-02
5.173124277067615157e-02
-3.711899541716858625e-02
-2.550785656843272773e-03
8.331232521407386238e-02
1.042025116404501212e-02
-1.328877538421959804e-02
1.801482131134859443e-01
1.035890187057223188e-01
-9.945677920209042636e-03
6.146868219814183298e-02
-9.154906016901293020e-02
1.968132099461138151e-02
1.279444994324068496e-01
7.511809229779325969e-02
-1.085604050923227593e-01
2.072226864814738848e-02
1.195862648332591677e-01
-2.009659398160024146e-01
-8.773555408083903717e-02
9.202467779507897405e-02
-1.558061422804407070e-01
2.906083308831395456e-02
1.687778555476971420e-01
3.609905536028421014e-02
7.328428648661643174e-02
-9.643766915790101535e-02
1.553157957351250160e-02
7.062730110449236265e-02
-7.478709559648107075e-02
-8.008412521690355668e-02
1.068241926436143130e-01
-3.177708889159862327e-02
9.336376970665877240e-02
-4.180996434328907579e-02
3.429052793538688026e-02
3.945214705844681154e-03
1.243721858550034774e-02
2.424700693793667775e-02
1.638383348233184433e-01
9.509864238787807400e-02
1.229511925421074986e-01
-1.915047463669619088e-01
1.039521169763153383e-02
6.427036757741172446e-02
-1.060763407953394660e-01
-1.657234042902080151e-01
-3.073188302164060054e-02
5.844697010999224535e-02
2.797830968320074926e-02
-8.780745186306267158e-02
1.322733059501726982e-01
-9.665728620704530649e-02
4.071986205272884463e-02
4.399074811379718314e-02
-3.711416255690906749e-03
2.174183759964529450e-01
8.540015731648997743e-02
-2.416727554321944707e-02
1.046415468882288119e-01
-4.273981012916137912e-02
8.942516435008636064e-03
-3.964568628070386236e-02
1.451490341242220039e-01
-5.738513857403230306e-02
-1.318331576585015097e-01
-1.450831526086025780e-01
4.990775264170639602e-03
-7.877341473228660629e-02
1.419831413006946708e-01
-1.253684505309244079e-01
-4.629502396610395143e-02
-8.491426170894317629e-03
-3.538885380226935995e-02
-2.151931263279143261e-02
-9.757906302736311932e-03
-2.453684638514603070e-02
-3.191326952787003068e-01
-2.025342447135638213e-01
6.764077848536340087e-02
1.687069834698556314e-01
3.669495286238250858e-02
6.556007415306627784e-02
-4.348840733604902170e-02
7.114966810296915849e-03
6.124315370634103584e-02
-1.368908000082882936e-01
6.416459677309625798e-02
7.092754147710399193e-02
2.871219750588520359e-02
1.581977659072783815e-01
4.942224259645858209e-02
3.667216269429669079e-02
-4.663423082176264972e-02
3.801466119626022155e-02
-2.592982646696740945e-01
-7.626772617386887165e-02
-3.947577168845716605e-02
1.055202066242903330e-01
-8.385257210912601400e-02
-4.996251803349174153e-02
-1.248656136014496092e-02
-7.261379744242420220e-02
2.584399938367123450e-01
-6.588727201347106474e-03
-2.602844598576644838e-02
8.075118850045729171e-03
1.120772325670149200e-01
-2.475576218683816360e-02
5.907030578746924609e-02
3.705673218257783674e-02
-3.530903167915863672e-02
9.214213252111977392e-02
1.367146146821841997e-02
5.460226931116068938e-02
-8.401078181346152696e-03
1.860548703296395490e-01
9.692198642705503187e-02
-6.133205072927949003e-02
-1.054751608999563578e-01
-1.480620676810611436e-01
-2.459117038832764508e-03
-1.215378521583861393e-01
8.925642090623203684e-02
-3.278813664242972471e-03
-1.922293735994481945e-01
3.286164498620133823e-02
6.438909223035799156e-02
-7.781264523432475377e-02
1.209266966256802162e-01
-2.723526851460947307e-02
3.196138284257147438e-02
-6.542340255730974552e-02
-5.290273833105487225e-03
-4.945940851499119884e-02
1.099833364136534319e-01
-1.256607482754169558e-01
5.596530811821803786e-02
-1.155704010291855738e-01
-2.173039126932850215e-02
1.652463614432713723e-01
2.148530331382701164e-01
1.252415764241751606e-01
-9.677316896135193525e-02
1.613841518357733706e-01
-8.683146166814631473e-02
3.518758459995622451e-02
-9.555384268861531749e-02
1.304091812598455382e-03
-8.681531008065723753e-02
-7.841524499993379749e-02
5.149708914285645173e-02
1.481851160360796171e-02
1.051192632717572600e-01
-2.172653788937596239e-02
2.316461736168108979e-02
1.214246426199422219e-01
3.461739306632428959e-02
1.239830878357380956e-01
1.145074483740961269e-01
6.556216206616306830e-02
-1.233524396499805637e-01
3.965416838874586541e-02
3.692244861830432795e-02
6.148802805658484805e-02
-8.574057426885037247e-02
7.363608467453500173e-02
-1.414141923772950678e-02
4.534085407978434568e-02
1.665624344267733759e-01
-5.472688605613733326e-02
-1.763447173684986463e-02
-6.581607524213080318e-02
-6.975166032460168586e-02
3.630443393796249640e-02
5.079546559762743163e-02
1.698483281630088285e-02
1.771051102388613574e-01
-1.326617885721174672e-01
5.193582053334110105e-02
-7.040488318583591754e-02
-7.903761389337636556e-02
-8.020002842735531046e-02
-8.713848370401484911e-02
1.873167266934610831e-01
-9.808855331812600664e-02
-6.532852769787893255e-02
-1.098400371085323513e-01
7.891320404046484049e-02
-1.149713024021967872e-01
2.778859971406257012e-02
-1.894531880500151255e-02
-1.516273437122361012e-01
3.642229698361244827e-02
-6.853743325511373052e-02
-1.726788938576242216e-01
1.374661222043364328e-01
8.506281181756250587e-02
7.502945080352436957e-03
-9.370965245220176654e-02
1.565888518471799176e-02
-8.801390602120046092e-02
1.267136263800799079e-01
7.954371008998104009e-02
8.864044545360089122e-02
5.333418303395637272e-02
-1.303673278254992816e-02
-1.258684897895821775e-01
7.586976865594376174e-02
-1.184875591637863657e-01
-6.174294386630747866e-02
-3.629813254229343616e-02
-1.050879624920697947e-01
9.886412752674732241e-02
-2.124558240710661405e-01
1.119440135442212542e-03
7.968525672757215128e-02
3.244976479703388927e-02
1.502627643657794033e-02
-6.405559360083183662e-02
-1.493396391467005369e-01
-6.885168458850328410e-02
7.685599782711262373e-02
8.225910003288185168e-02
-8.718920518479245443e-03
-9.091124403654611552e-02
-7.292101861377287041e-04
1.791579888603190771e-02
2.569663797522898571e-02
-4.987108539181727557e-03
1.079397407519714497e-01
1.369363510106273163e-01
-5.561149420835089646e-02
-7.489992024766470302e-02
-8.623464211582973493e-02
-1.505547651144600318e-01
3.944382437119518803e-02
-7.079499149287975246e-02
3.842954042944133914e-03
1.876772331557655799e-02
-4.927434009639410084e-02
-1.295617508012393863e-03
7.811988164956130964e-02
-1.505833945306441109e-02
1.016081518127216893e-01
-3.531895545550598359e-03
-2.568950248578149784e-02
5.676611474686524272e-02
1.453092534238014932e-01
-3.478669164999999546e-03
-1.104798177986686114e-01
-7.690670283456475798e-02
8.595966100566494739e-02
-1.181504520788096979e-01
1.420310897165827091e-01
1.316615610890068400e-01
3.775536518385746998e-02
-7.355257550957179646e-02
7.617023189428688557e-02
-3.758675150772208817e-02
3.316716005607710932e-02
6.356741003041975480e-02
-1.320784716660641962e-02
-1.962067275343976416e-02
3.123486176531084860e-02
-4.711463535130171881e-02
5.927226298652649855e-02
-2.329542385254033607e-02
9.264609855545571926e-02
1.288436696146617183e-02
9.256565959701343327e-02
-3.043650168325192848e-02
1.958200652235065897e-01
1.265839762607529236e-02
-1.110066263636506761e-01
-1.137554049741289208e-01
9.498644526258738507e-02
-9.688534019586189650e-02
-9.614848324140062852e-02
6.899556963040101576e-02
-7.947969014122041598e-02
-1.091519997865301878e-01
8.112479057078515743e-02
2.102931466616954001e-02
1.516207458271760702e-03
-5.799666810075655016e-02
-5.108367713406820887e-02
1.188810498334715304e-01
-4.713468742211835566e-02
-1.009335305141488420e-01
3.637455058754562875e-02
-1.626115006829548237e-02
-1.158573490983653281e-01
-1.476718214586208167e-01
-3.523540001193398163e-02
1.674578562273998650e-01
9.317912792421730039e-02
-1.030762303281803072e-01
1.126340290335977601e-01
9.600026389944554817e-02
-8.710344836122228818e-02
-4.690558793806381271e-02
1.644035117245705793e-02
5.111191867214220919e-02
-6.916847544348636578e-02
9.094259247715831551e-02
1.963264916852714148e-01
-2.008086695279022726e-01
3.020701259877079520e-02
3.993170647611979374e-02
8.549309282555432599e-02
1.183369033404448739e-01
-1.443060142452678163e-01
1.080860884968924268e-01
-3.834660195706135477e-02
1.192704061812793204e-01
-2.512392740792080900e-02
2.225700462592313522e-01
-2.430633670807191837e-02
-2.974523394857752079e-01
5.112478282885906528e-02
4.191937726201487580e-02
7.837426788831316007e-03
3.733224174192660560e-02
-1.020734883317208838e-02
8.875691755908717007e-02
2.435907492569885091e-01
7.109364273719526173e-02
-6.810681311069062722e-03
-3.926584750219861493e-04
2.267132546148296901e-02
4.387518654204444757e-02
-5.730513479217061446e-02
1.019707339691558468e-01
-7.007716392890010748e-02
-9.036119805184983367e-02
2.482363371286774173e-02
1.095649339020820651e-01
4.743734389539198265e-02
-1.359485250970355330e-01
-5.152544244506140209e-02
7.053978745318032796e-03
3.709698550445386656e-02
8.433728135328512343e-02
-1.377394320010384976e-01
-1.078985490538928588e-02
9.864238458928850650e-02
1.334817978967319831e-02
1.101219505985738534e-01
-1.357523763781238180e-01
2.045422581256152797e-02
-6.594882060635695598e-02
-1.186551356353337944e-01
-2.443484619259770063e-01
-1.405424064994582369e-02
1.874497355182311864e-01
2.069666263874454515e-01
2.626352759942648940e-03
-4.323045520283579773e-02
9.479091313468688759e-03
3.172380006478973252e-02
6.891930293513749695e-02
4.345556759661964308e-02
-1.234610866354550300e-02
-8.848677229333154134e-03
7.309390487393969960e-02
-3.438227867777270911e-03
1.624877405126455843e-01
-1.783329559566763090e-01
-3.197926498361388509e-02
-1.187383233517700226e-01
1.397856551378736933e-01
6.341722369309094054e-02
-1.207063355957299633e-01
-2.083947010974197475e-02
3.972615500480475292e-02
-1.811730811840252808e-01
-1.663546327618664056e-01
-7.653048613079797835e-02
-1.042770660611678502e-01
1.491536727612289837e-01
-9.131240330001068328e-02
-5.250080163113972354e-02
-9.411392604272242335e-02
8.360501894568195258e-02
1.226575094997732207e-01
4.681089607933908159e-02
-1.145019816938257218e-01
2.322240229528397537e-01
-2.012404763907656158e-01
1.558373836164917703e-01
-1.803816346218560240e-01
2.262889726693735268e-02
-1.634294239082391756e-02
-7.267592680435920952e-03
1.063449666650055202e-03
-2.258264659425242640e-02
-1.238227262999787026e-01
7.004295665167743594e-03
-1.155956052098897346e-01
1.079131555107483431e-01
-7.228117452249499530e-02
-2.495903592937442905e-02
-1.834292913238103756e-02
-1.928431458705670435e-03
-1.819130836670300802e-02
1.370222573084323714e-01
-2.281844166370480126e-02
7.806149396843416709e-03
2.955243184881256938e-02
-9.457620497321798936e-02
1.576740487060947493e-01
2.576362558433931138e-02
-1.611538291079249174e-01
-2.238651919490839554e-02
-2.085544063228706169e-01
-8.484625477638021995e-02
-9.253331617541611653e-03
-1.357625166698612773e-01
-5.443504145562128027e-02
2.244534529273958801e-01
-1.979143108199773460e-01
5.168596181893962693e-02
2.344315423428114040e-02
-2.055372758986417636e-01
1.105763704304538880e-01
-4.956137983142504255e-02
-1.249147112311020658e-01
1.830679221847707899e-02
9.423524079510119111e-02
-8.078204397659863312e-02
-4.535664872563277550e-02
-1.513384207777942470e-01
1.940991079162690536e-02
3.264400458216809575e-02
1.659305462700729483e-01
7.711901993017003867e-03
-7.753163642018286172e-02
-1.094173722889493910e-01
5.714641447508804484e-02
3.123789738700315580e-02
3.591204632639947297e-02
-9.093882818945979440e-02
-5.817909787433282742e-02
-3.862450659796034386e-02
-7.908766790970489513e-02
-4.280037677059363860e-02
3.421001066950641462e-02
2.872586589116931863e-02
1.896530016603543700e-01
3.363411046513115760e-02
8.549967018643626904e-02
1.228250320402771989e-01
8.204581294768475974e-02
1.653799162668129485e-01
4.395107005297264890e-02
1.399739256192958229e-03
1.075837485571399799e-01
-2.491092065315093917e-01
-3.441106756811844469e-02
-6.356257684739644032e-02
-1.213432853230085179e-01
-1.601005590064999082e-02
2.296705332239188518e-02
7.028694661038263625e-02
-4.704250470130127287e-02
-5.574234832209680468e-03
-7.689519805426203725e-02
8.516533050498625856e-02
1.991168887992955661e-02
4.338342153155766434e-02
4.373961174594952900e-02
3.168045991096030134e-02
9.467186787199953490e-02
-1.601811648478529415e-01
1.733818356315383891e-01
8.259094189459806334e-02
2.060303854361062587e-02
1.745977579878702501e-01
-7.353230483437941944e-02
-5.667771167183358050e-02
