-4.920782498270411670e-02
4.210186935550928183e-02
-4.476533856428051988e-02
7.361564658359369406e-02
4.717513072336153301e-02
1.053583828923476511e-02
1.354884939372935464e-02
-1.055149117040712382e-02
1.108929176116307258e-01
7.921862992550417204e-02
-2.912645760420832369e-02
-5.074124800866651464e-02
-3.913467733849126245e-02
1.294020073513026288e-02
-3.673512473773735826e-02
-5.679708108409155937e-02
-2.148599588425051041e-02
-1.850211036522709379e-02
6.779507169913216724e-02
-1.114701701977380416e-01
9.831617792900428088e-02
8.229463297797713628e-02
7.711617108033382018e-02
-2.208493527145031013e-02
9.222538713815524314e-02
8.364315958164082743e-02
9.090981459846365562e-03
-1.527216942028251923e-02
-2.432737586705217142e-02
-4.272069306623046264e-02
8.972970782304383330e-02
8.421935807625691162e-02
2.145828847987978419e-02
2.036562725207154700e-01
-7.301003038709600983e-03
-3.403254147509809924e-02
-3.274277549266449427e-02
-2.266083573680404209e-02
2.027761683975125295e-02
-1.792149714120062215e-02
-6.363247943628851100e-02
-8.896946705710602477e-02
2.104716862285341619e-02
5.876054179081919432e-02
2.797186521672331144e-02
-9.005191974189998699e-03
6.651964854538541805e-02
6.744321919334947402e-02
-3.257920026851606615e-02
9.411673115754595753e-02
-3.350303844284820143e-02
1.313636088742682895e-01
-2.275582483248118626e-01
8.323670276815765823e-02
-3.373748516055578156e-02
7.393694851104973091e-03
5.510242745085080357e-02
7.649680591011956410e-02
-5.472804186634191992e-02
8.451300464852942729e-03
8.170518706500060069e-02
-1.029496881860873375e-01
9.796822930642340443e-02
1.300279314403292585e-01
7.181138517189727781e-03
1.407303638676878077e-02
8.653836584244029018e-02
-1.412715474145103400e-01
-1.425526413628843553e-02
3.664689898232360941e-03
8.515602337649971071e-03
5.414153681000064174e-03
5.131055097491909328e-02
5.003155305647064705e-02
1.834305696554128663e-03
6.265806990892465456e-02
2.400255030526244823e-02
-8.125064684297679529e-02
-1.078427907112260815e-03
3.210080958081441838e-02
3.936524415478519917e-02
-8.777402966013276436e-03
-4.390057027018663682e-02
8.198286853134534313e-02
-5.062442405481996921e-02
-1.294503845945498000e-01
1.079319138052326349e-01
-2.182694578741848496e-03
-7.277658614533938364e-02
-6.730018867617727774e-02
-1.234589283857489006e-01
-1.002140280183667354e-01
6.534629515515281983e-02
-8.295193850139376268e-02
9.075219501612384609e-02
1.069081392251437501e-01
1.373353289612804506e-01
-6.012315993609042286e-02
1.103069025228886890e-01
5.380739638595555263e-02
3.064460237121478456e-02
3.499034328088525270e-02
-8.560181021594240325e-02
5.949692760262739050e-02
-1.197172660095445311e-02
2.347267876492455108e-02
-6.367917978870363087e-03
7.040642874636031390e-02
-2.036593259804334380e-02
-1.638932709779219316e-02
-3.002562745802230329e-02
-6.672601420361194691e-02
4.780638775892809972e-02
-7.360145909451359936e-02
-2.615417595431857728e-02
1.628339329035746741e-02
4.311540623187442439e-02
9.350693011722638684e-03
9.301859328649808578e-02
6.276290921961992508e-02
-1.084556609437613284e-02
8.422524903076451797e-02
-2.815781439161208280e-02
-4.744571758775648768e-02
-1.441585342400900603e-02
3.638566538927608118e-02
4.173692486275164260e-02
-6.269813976953147018e-04
5.252111841321689678e-02
-1.002582431817898058e-02
6.589514072527684688e-03
-1.095750639535325310e-01
4.766914648981624564e-02
-1.289212346324170311e-01
-3.444741637878295099e-02
2.656246124905273925e-02
1.493903853322613336e-02
4.565567787886478518e-02
-8.057249452278626711e-02
-1.750432224071248322e-01
-1.008092013347408888e-01
3.305141403267164175e-03
-1.144887890045173662e-02
2.689406608310781349e-02
-1.175648292961603905e-02
1.320651487026627303e-02
1.392049319570596785e-02
-5.778802495346722391e-03
-6.846357249235571207e-02
2.325012727806599969e-02
-4.187220544462379873e-02
-5.756720181033173761e-02
-2.283882985244254174e-04
-3.944804633927860571e-02
5.094835898733647561e-02
2.664063368155416243e-03
8.069278987489499066e-03
-4.320190967352544043e-02
7.322704477369901266e-02
-1.638768613985796263e-01
-6.195731802414747302e-02
6.299333796880277059e-02
3.114906629199874488e-01
-1.416163892227745693e-03
4.753185575268039850e-03
-5.306897809887538980e-02
5.506484285532523004e-02
1.592224422086645497e-01
-8.994977358869671313e-03
1.550376808123953287e-01
-6.042584112575689198e-02
-3.649104052354499444e-02
5.120450250063916797e-02
1.572932873973265089e-02
-2.767693160938985639e-02
-2.056291516866915470e-01
1.039436914552683972e-01
6.840951537955905493e-02
1.712712604981036710e-02
-5.434092438848930201e-02
1.810234274124197101e-02
1.241454828083119084e-02
1.064087000114959450e-02
-5.945291271203132638e-02
-3.285076031272939762e-02
2.357959392530732667e-02
-1.327853261380854133e-01
-3.530132780013530563e-02
1.854356912141328501e-02
8.195380477788102858e-02
7.228846619997011946e-02
1.141653615691628522e-02
1.312507811880755070e-02
2.252675152636142084e-02
2.081507343049018022e-01
-4.011075154309005908e-03
-8.114708855422833600e-02
-2.706335024160628350e-02
6.953767172692867926e-02
2.741846083333877165e-03
3.847650910386964801e-02
1.218771903902083342e-01
2.902084877239207925e-02
6.427289769573046874e-02
-4.663196038516879277e-02
1.056442366859645793e-01
-1.897226494944927871e-02
1.166201329230713707e-01
-1.803941081781462556e-03
5.909941022295547158e-02
2.659209061589737702e-02
-6.726133670972769818e-02
-1.078678630189973120e-01
3.128115830622709564e-02
2.550623194899705442e-03
8.317039018214957002e-02
-1.979884158920363312e-03
-6.200768606775711005e-04
-1.479269248858415195e-02
1.990716664928983068e-02
-4.995620770159833746e-02
-7.277112780096881006e-02
1.693911840875885269e-02
1.370029942845223114e-01
-9.390831598025749238e-02
1.704874468037747767e-02
-1.904268864815993750e-02
5.686959450648903375e-02
-1.453003293808846413e-03
1.685405714503179775e-02
-1.155481385504556618e-01
-3.544968953076274576e-02
6.969161820008565322e-02
1.564297611221735218e-01
-4.953776711659339804e-02
4.768428013221946704e-02
-8.347064054755823359e-02
-9.959126630345073450e-02
7.847391277136088472e-02
4.361620731140682800e-02
1.033956224653801159e-01
2.205014771517893254e-02
-1.404438370642284162e-01
3.482731798198172857e-02
9.257593046773616996e-02
-6.516330202721022993e-03
3.083714481003155261e-02
3.136952333698514450e-02
1.078746266554873878e-01
1.192663281586915647e-01
5.098236808290749350e-02
-2.393346064002916870e-02
4.744018373102636132e-02
-5.572560880214889531e-03
-4.008676803939802830e-02
1.605693921488209400e-02
-6.993722531186088998e-02
5.673931089621087748e-02
-9.115023305233940429e-03
-5.511566421979997160e-02
3.824943281111477938e-02
-2.514082604433938439e-02
6.999396819983429163e-02
6.906502005725849436e-02
9.623695230236262166e-02
-4.712542723515737025e-02
-4.392374401853692961e-02
8.007007897275975755e-03
-2.562488830024203454e-02
1.005582545849876552e-01
-1.401237971617898814e-01
-5.690085270234085217e-03
-1.021142507713503761e-01
-1.140840441769789410e-01
-4.963273867602303879e-02
5.579065424522292038e-02
-1.256554156803550530e-02
-4.484653378255382648e-03
2.275589044598470140e-02
8.215425466978518165e-02
-4.697692543723698544e-02
4.377204908419819046e-02
-1.400168080406574873e-03
5.737206720919381386e-03
2.196659667087280665e-02
5.573934757374965354e-02
5.639193189542410223e-02
8.333494022080116526e-02
-7.351229800108353973e-02
1.435025168157729944e-02
-2.222959580490563303e-02
-1.528860577052111591e-02
-5.730370518718436862e-02
-8.891187447247515113e-03
2.220225607306409443e-01
4.105371570521591795e-02
-5.031274501515046321e-02
-4.144659709805336573e-02
-1.635192569144199720e-02
-1.114951749434430484e-01
-1.182379460305975905e-01
-2.016153598597107688e-02
-5.689516546913625517e-02
1.319331212169674583e-01
-2.230239265664312950e-02
-6.637579881219458910e-02
1.577682025884281566e-02
1.443684167809936025e-02
3.831647956456554066e-02
1.075896218306954671e-01
1.336196478451945613e-01
-1.840585790150142675e-02
1.306535659740032385e-01
-9.261414179926068246e-02
2.102315622070341505e-02
-3.816479998174009125e-02
5.563838443951328594e-03
1.787934407536784578e-02
1.098355204946742554e-02
4.885447225872791011e-02
1.692818630785039857e-01
1.378067912319297095e-01
3.610168283237728815e-03
8.273315766246705505e-02
-1.126406490870767926e-02
-6.451426837657595059e-02
4.457725126181553976e-02
-4.148501084196495187e-02
-2.912358708309706681e-02
1.028565473592419205e-01
-6.459853704393914153e-02
9.185880206889412980e-02
7.358758655081973354e-02
5.484440634693251229e-03
-7.268302814646972199e-02
-2.919889196508575202e-02
5.035390339824724615e-02
9.769610335866260598e-02
-1.085959916449698720e-01
-3.386270887692933735e-03
1.461132303660972291e-02
6.281968772398544010e-02
1.667332339589745055e-02
6.202102227042326915e-02
-6.806465644829630401e-02
-9.452601020151660217e-05
-2.387945868054015819e-02
3.340791490464998376e-02
7.892427133770172493e-03
6.221006172523668373e-03
-3.070523850497393001e-02
-9.594070780585989625e-03
-4.857695071583096463e-02
2.587903328916359852e-02
-8.291229945892204800e-02
-5.292978769907706604e-02
-8.517787054322525919e-02
1.150428777459861218e-01
2.759056460532310906e-02
-1.420763844126824715e-01
-2.309571268780290926e-02
5.759651764042830052e-02
-2.029049255371897370e-02
-1.257568402622859238e-01
-6.611209738449490281e-02
-1.178966591563384292e-01
7.072415558167684246e-02
4.719899325847198845e-02
-9.283184467954981936e-03
1.584969597033889302e-02
1.613358645167197736e-01
1.388440888051346855e-02
-1.700010494402000027e-01
4.420133708730043104e-02
1.112106850718946605e-01
7.216894248040943427e-02
-7.208965990362969922e-02
-8.303732196058534465e-02
3.937753965568560610e-02
-6.284976820112014861e-02
-8.827527420291525484e-02
5.806333345411277685e-02
9.102945158512518176e-02
-6.129589590506650393e-02
-8.226990706588934929e-03
5.445301813430429572e-02
-2.975753810582382197e-02
-6.716748799504853630e-03
-1.957692254127979536e-01
-3.635808786556823241e-02
-1.166406898759965727e-01
-3.440963691624268628e-02
1.074703888632028842e-01
-4.422547646282522227e-02
-2.935189810168929367e-02
-1.279545908253642561e-01
6.201480275868823978e-03
-1.900877047806223338e-02
4.510004595326808086e-02
1.023067863241229891e-01
1.191890992616789248e-02
6.363364732431514570e-03
-1.342629832078565122e-01
3.202879292251553656e-02
1.331605209826459794e-02
-5.353533752172901644e-02
1.145392368950603479e-01
-1.161366803289280020e-01
-4.440686030850531790e-02
1.176639198498977482e-02
-3.467009847855540006e-02
5.242968577696584254e-02
-3.972639876626592181e-02
-1.696142984188464889e-02
-7.082582493810740676e-02
1.486284025095260981e-02
1.207907032703718492e-01
-1.152131248974588851e-02
5.484779432282897715e-02
-8.961761268247664045e-03
2.569456586163603243e-02
2.403900694449542796e-02
1.035678471928672545e-01
-3.088579969638615558e-02
5.881964463183593853e-03
-5.507006034591485633e-02
9.859291983870428766e-02
-9.856427100416891018e-02
1.367102274833162934e-01
-2.807593525975131746e-02
-1.120555778438853470e-02
-1.509599903932695372e-02
-7.079756332445000765e-03
3.754894315243523240e-02
-6.173019971187918009e-02
-6.318953726261222585e-03
-5.748026469193821125e-02
6.400791121849556953e-02
7.825568788996160874e-02
1.280005338610201715e-01
-1.218400547098572456e-01
7.288604529989932412e-02
1.131026912225093217e-01
5.141583969939805820e-02
-8.943526748995030140e-02
5.255786754550362261e-02
4.094662156954714805e-02
-2.319934918907158323e-03
1.762162636370156327e-02
2.045318630682359251e-02
5.722356558522806447e-02
-1.609887380726914355e-02
2.558722982884720221e-02
4.275768845255843026e-02
1.301139020065610885e-01
-6.999838358151756063e-03
-1.225264784705038662e-02
1.743898821900754376e-02
9.428018301941269719e-02
4.335652069106460393e-02
8.905806250096846843e-02
3.767200023034342204e-02
1.342864799496637229e-01
-1.371812362190515666e-01
-6.413123550274933693e-02
-1.486268760819663137e-02
-2.960934845207681410e-02
-8.329218138177862940e-02
-1.809099799983259482e-01
5.818572160781793762e-02
1.393622863724189352e-03
-2.296706367335895130e-02
9.551497393858000839e-02
-2.228212980546490085e-02
-8.812714316722040919e-02
-1.445806761744569159e-02
6.167079795680389248e-02
-1.341441823592808280e-01
1.042245321631159044e-01
-4.625539477768254339e-03
-8.182233908105064624e-02
7.768255060865363049e-03
-2.629948551939760223e-02
5.060549316524106528e-02
-7.049492895828199379e-02
9.073590667912290186e-02
4.877805540090075775e-02
2.982630848734769101e-03
4.143023292506569505e-02
-1.174768509858502563e-01
-1.573761368021952545e-01
1.118174111168327850e-01
-8.260876880990631471e-03
-2.143745876319019643e-04
-7.857099929778421643e-02
-1.031594388578428029e-01
7.549896167755810496e-03
-7.227663005355211556e-02
-5.796949915199359205e-02
