26581.1
26583.1
26592.1
26595.1
45497.1
46127.1
46128.1
46134.1
46145.1
46153.1
46341.1
46372.1
46429.1
46434.1
46454.1
46461.1
46474.1
46644.1
46672.1
48305.1
48325.1
48326.1
48362.1
48390.1
48395.1
48398.1
48412.1
48425.1
48426.1
48456.1
48495.1
49016.1
49048.1
49210.1
49217.1
49226.1
49231.1
49240.1
49245.1
49262.1
49267.1
49274.1
49286.1
49293.1
49405.1
49414.1
49416.1
49426.1
49432.1
49435.1
49452.1
49453.1
49462.1
49471.1
49490.1
50078.1
50095.1
50107.1
50131.1
50147.1
50153.1
50168.1
50186.1
50216.1
50217.1
50220.1
50223.1
50237.1
50255.1
50258.1
50265.1
50288.1
50299.1
50311.1
50322.1
50333.1
50340.1
50348.1
50355.1
50359.1
50374.1
50377.1
50405.1
50429.1
50486.1
50500.1
50708.1
50729.1
50740.1
50749.1
50752.1
50763.1
50774.1
50778.1
50793.1
51202.1
51205.1
51221.1
51224.1
51240.1
51254.1
51259.1
51263.1
51281.1
51309.1
51335.1
51346.1
51361.1
51375.1
51396.1
51420.1
51463.1
51616.1
51621.1
51634.1
51644.1
51657.1
51665.1
51683.1
51713.1
51759.1
51764.1
51791.1
51811.1
51812.1
51833.1
51840.1
51845.1
51850.1
51877.1
51886.1
51897.1
51902.1
51905.1
51910.1
51924.1
51936.1
51959.1
51966.1
51979.1
51980.1
51994.1
52003.1
52012.1
52022.1
52036.1
52053.1
52058.1
52059.1
52072.1
52076.1
52077.1
52092.1
52093.1
52107.1
52112.1
52139.1
52145.1
52152.1
52161.1
52162.1
52186.1
54104.1
54109.1
54117.1
54130.1
54139.1
54149.1
54158.1
54169.1
54178.1
54179.1
54186.1
54213.1
54226.1
54227.1
54243.1
54244.1
54257.1
54260.1
54284.1
54289.1
54299.1
54307.1
54323.1
54331.1
54332.1
54335.1
54336.1
54359.1
54360.1
54368.1
54371.1
54375.1
54396.1
54397.1
54822.1
54864.1
54884.1
56203.1
56207.1
56224.1
56227.1
56237.1
56240.1
56257.1
56273.1
56276.1
